##########################################################################################
### MCD_v5.3 with climatology average solar scenario.
### Latitude 39.0N. Longitude 202.0E. Altitude -3900.0 m AMR.
### --------------------------------------------------------------------------------------
### Column 1 is Areocentric longitude (degrees)
### Columns 2+ are Temperature (K)
### Line 1 is Local time (Martian hour)
### --------------------------------------------------------------------------------------
### Retrieved on: 2022-10-13T18:36:56.034416
### Mars Climate Database (c) LMD/OU/IAA/ESA/CNES
##########################################################################################
---- ||    0.00000e+00    1.00000e+00    2.00000e+00    3.00000e+00    4.00000e+00    5.00000e+00    6.00000e+00    7.00000e+00    8.00000e+00    9.00000e+00    1.00000e+01    1.10000e+01    1.20000e+01    1.30000e+01    1.40000e+01    1.50000e+01    1.60000e+01    1.70000e+01    1.80000e+01    1.90000e+01    2.00000e+01    2.10000e+01    2.20000e+01    2.30000e+01    2.40000e+01
-----------------------------------
+000 ||    1.85812e+02    1.83269e+02    1.81132e+02    1.79352e+02    1.77849e+02    1.76590e+02    1.77070e+02    1.79097e+02    1.84224e+02    1.92060e+02    1.99628e+02    2.06962e+02    2.12797e+02    2.17309e+02    2.20253e+02    2.21822e+02    2.21279e+02    2.18898e+02    2.13707e+02    2.06108e+02    2.00197e+02    1.95719e+02    1.91908e+02    1.88677e+02    1.85812e+02
+015 ||    1.90453e+02    1.87551e+02    1.85075e+02    1.82970e+02    1.81155e+02    1.79593e+02    1.80504e+02    1.83631e+02    1.89752e+02    1.98462e+02    2.06419e+02    2.13719e+02    2.19342e+02    2.23486e+02    2.26441e+02    2.28357e+02    2.28487e+02    2.27060e+02    2.21651e+02    2.12845e+02    2.06183e+02    2.01328e+02    1.97182e+02    1.93650e+02    1.90453e+02
+030 ||    1.93852e+02    1.90812e+02    1.88263e+02    1.86107e+02    1.84248e+02    1.82651e+02    1.84266e+02    1.88777e+02    1.95517e+02    2.04145e+02    2.11887e+02    2.18860e+02    2.24115e+02    2.27857e+02    2.30597e+02    2.32463e+02    2.32858e+02    2.31968e+02    2.26698e+02    2.17708e+02    2.10696e+02    2.05329e+02    2.00852e+02    1.97143e+02    1.93811e+02
+045 ||    1.97146e+02    1.94049e+02    1.91427e+02    1.89219e+02    1.87318e+02    1.85685e+02    1.88007e+02    1.93917e+02    2.01284e+02    2.09829e+02    2.17357e+02    2.24002e+02    2.28889e+02    2.32226e+02    2.34752e+02    2.36570e+02    2.37232e+02    2.36883e+02    2.31747e+02    2.22557e+02    2.15188e+02    2.09309e+02    2.04500e+02    2.00614e+02    1.97146e+02
+060 ||    2.00750e+02    1.97540e+02    1.94950e+02    1.92743e+02    1.90803e+02    1.89096e+02    1.91714e+02    1.98264e+02    2.05745e+02    2.13920e+02    2.21058e+02    2.27291e+02    2.31824e+02    2.34860e+02    2.37182e+02    2.38882e+02    2.39565e+02    2.39357e+02    2.34393e+02    2.25419e+02    2.18189e+02    2.12368e+02    2.07666e+02    2.03931e+02    2.00569e+02
+075 ||    2.03989e+02    2.01028e+02    1.98468e+02    1.96260e+02    1.94275e+02    1.92488e+02    1.95402e+02    2.02605e+02    2.10206e+02    2.18013e+02    2.24760e+02    2.30580e+02    2.34758e+02    2.37494e+02    2.39613e+02    2.41195e+02    2.41898e+02    2.41832e+02    2.37037e+02    2.28269e+02    2.21177e+02    2.15416e+02    2.10823e+02    2.07243e+02    2.03989e+02
+090 ||    2.04261e+02    2.01112e+02    1.98567e+02    1.96382e+02    1.94412e+02    1.92631e+02    1.95606e+02    2.02921e+02    2.10651e+02    2.18605e+02    2.25447e+02    2.31315e+02    2.35541e+02    2.38324e+02    2.40500e+02    2.42147e+02    2.42877e+02    2.42805e+02    2.37793e+02    2.28625e+02    2.21187e+02    2.15131e+02    2.10538e+02    2.07207e+02    2.04069e+02
+105 ||    2.04149e+02    2.01196e+02    1.98666e+02    1.96504e+02    1.94549e+02    1.92773e+02    1.95811e+02    2.03236e+02    2.11096e+02    2.19196e+02    2.26133e+02    2.32050e+02    2.36324e+02    2.39155e+02    2.41388e+02    2.43099e+02    2.43856e+02    2.43779e+02    2.38549e+02    2.28980e+02    2.21196e+02    2.14847e+02    2.10254e+02    2.07171e+02    2.04149e+02
+120 ||    2.02997e+02    1.99990e+02    1.97493e+02    1.95351e+02    1.93347e+02    1.91466e+02    1.94119e+02    2.00902e+02    2.08592e+02    2.16948e+02    2.24211e+02    2.30516e+02    2.35129e+02    2.38253e+02    2.40718e+02    2.42609e+02    2.43379e+02    2.43167e+02    2.37572e+02    2.27430e+02    2.19472e+02    2.13303e+02    2.08841e+02    2.05847e+02    2.02893e+02
+135 ||    2.01638e+02    1.98785e+02    1.96322e+02    1.94198e+02    1.92145e+02    1.90158e+02    1.92426e+02    1.98567e+02    2.06089e+02    2.14700e+02    2.22288e+02    2.28981e+02    2.33933e+02    2.37350e+02    2.40048e+02    2.42120e+02    2.42901e+02    2.42555e+02    2.36594e+02    2.25879e+02    2.17747e+02    2.11759e+02    2.07430e+02    2.04524e+02    2.01638e+02
+150 ||    1.98151e+02    1.95257e+02    1.92773e+02    1.90702e+02    1.88788e+02    1.87015e+02    1.88746e+02    1.93654e+02    2.00861e+02    2.09997e+02    2.18168e+02    2.25499e+02    2.31017e+02    2.34935e+02    2.37950e+02    2.40178e+02    2.40603e+02    2.39452e+02    2.33157e+02    2.22483e+02    2.14488e+02    2.08749e+02    2.04408e+02    2.01264e+02    1.98214e+02
+165 ||    1.94775e+02    1.91715e+02    1.89211e+02    1.87193e+02    1.85418e+02    1.83856e+02    1.85051e+02    1.88736e+02    1.95636e+02    2.05295e+02    2.14048e+02    2.22015e+02    2.28100e+02    2.32519e+02    2.35851e+02    2.38236e+02    2.38305e+02    2.36353e+02    2.29720e+02    2.19072e+02    2.11207e+02    2.05720e+02    2.01367e+02    1.97989e+02    1.94775e+02
+180 ||    1.90164e+02    1.87490e+02    1.85131e+02    1.83205e+02    1.81517e+02    1.80034e+02    1.80598e+02    1.82989e+02    1.89180e+02    1.98687e+02    2.07615e+02    2.16032e+02    2.22481e+02    2.27191e+02    2.30551e+02    2.32733e+02    2.32152e+02    2.29168e+02    2.22664e+02    2.13142e+02    2.06020e+02    2.00947e+02    1.96796e+02    1.93438e+02    1.90345e+02
+195 ||    1.85889e+02    1.83235e+02    1.81019e+02    1.79186e+02    1.77582e+02    1.76179e+02    1.76120e+02    1.77249e+02    1.82745e+02    1.92090e+02    2.01188e+02    2.10056e+02    2.16866e+02    2.21862e+02    2.25250e+02    2.27229e+02    2.26003e+02    2.21993e+02    2.15617e+02    2.07210e+02    2.00822e+02    1.96156e+02    1.92203e+02    1.88865e+02    1.85889e+02
+210 ||    1.80923e+02    1.78966e+02    1.77213e+02    1.75771e+02    1.74491e+02    1.73354e+02    1.73095e+02    1.73608e+02    1.77551e+02    1.84516e+02    1.91910e+02    1.99672e+02    2.05913e+02    2.10813e+02    2.14047e+02    2.15820e+02    2.14475e+02    2.10423e+02    2.05071e+02    1.98591e+02    1.93467e+02    1.89503e+02    1.86202e+02    1.83475e+02    1.81076e+02
+225 ||    1.76214e+02    1.74652e+02    1.73365e+02    1.72317e+02    1.71365e+02    1.70496e+02    1.70041e+02    1.69947e+02    1.72346e+02    1.76937e+02    1.82635e+02    1.89300e+02    1.94971e+02    1.99771e+02    2.02848e+02    2.04412e+02    2.02943e+02    1.98839e+02    1.94485e+02    1.89905e+02    1.86034e+02    1.82774e+02    1.80131e+02    1.78028e+02    1.76214e+02
+240 ||    1.74825e+02    1.73668e+02    1.72674e+02    1.71848e+02    1.71129e+02    1.70504e+02    1.70174e+02    1.70100e+02    1.72033e+02    1.75728e+02    1.80563e+02    1.86395e+02    1.91347e+02    1.95524e+02    1.98049e+02    1.99127e+02    1.97565e+02    1.93707e+02    1.89849e+02    1.85982e+02    1.82740e+02    1.80041e+02    1.77902e+02    1.76255e+02    1.74854e+02
+255 ||    1.73488e+02    1.72680e+02    1.71981e+02    1.71378e+02    1.70893e+02    1.70513e+02    1.70307e+02    1.70254e+02    1.71720e+02    1.74518e+02    1.78491e+02    1.83492e+02    1.87724e+02    1.91280e+02    1.93255e+02    1.93844e+02    1.92185e+02    1.88564e+02    1.85195e+02    1.82038e+02    1.79426e+02    1.77292e+02    1.75662e+02    1.74473e+02    1.73488e+02
+270 ||    1.73220e+02    1.72331e+02    1.71573e+02    1.70928e+02    1.70439e+02    1.70085e+02    1.69926e+02    1.69939e+02    1.71519e+02    1.74475e+02    1.78740e+02    1.84152e+02    1.88745e+02    1.92620e+02    1.94741e+02    1.95327e+02    1.93426e+02    1.89357e+02    1.85664e+02    1.82290e+02    1.79523e+02    1.77288e+02    1.75564e+02    1.74287e+02    1.73218e+02
+285 ||    1.72949e+02    1.71982e+02    1.71165e+02    1.70479e+02    1.69984e+02    1.69656e+02    1.69545e+02    1.69623e+02    1.71318e+02    1.74432e+02    1.78990e+02    1.84811e+02    1.89765e+02    1.93959e+02    1.96228e+02    1.96810e+02    1.94666e+02    1.90149e+02    1.86132e+02    1.82542e+02    1.79620e+02    1.77284e+02    1.75466e+02    1.74101e+02    1.72949e+02
+300 ||    1.73710e+02    1.72483e+02    1.71466e+02    1.70620e+02    1.69960e+02    1.69465e+02    1.69271e+02    1.69343e+02    1.71325e+02    1.74985e+02    1.79925e+02    1.85988e+02    1.91216e+02    1.95712e+02    1.98343e+02    1.99340e+02    1.97484e+02    1.93149e+02    1.88994e+02    1.84983e+02    1.81672e+02    1.78970e+02    1.76811e+02    1.75126e+02    1.73694e+02
+315 ||    1.74437e+02    1.72983e+02    1.71767e+02    1.70761e+02    1.69937e+02    1.69273e+02    1.68998e+02    1.69064e+02    1.71333e+02    1.75538e+02    1.80861e+02    1.87165e+02    1.92668e+02    1.97467e+02    2.00460e+02    2.01871e+02    2.00300e+02    1.96143e+02    1.91847e+02    1.87414e+02    1.83714e+02    1.80650e+02    1.78151e+02    1.76148e+02    1.74437e+02
+330 ||    1.77830e+02    1.75970e+02    1.74464e+02    1.73234e+02    1.72229e+02    1.71420e+02    1.71310e+02    1.71812e+02    1.75019e+02    1.80601e+02    1.86851e+02    1.93686e+02    1.99458e+02    2.04295e+02    2.07258e+02    2.08576e+02    2.07185e+02    2.03442e+02    1.98805e+02    1.93386e+02    1.88954e+02    1.85370e+02    1.82381e+02    1.79913e+02    1.77791e+02
+345 ||    1.81127e+02    1.78944e+02    1.77149e+02    1.75697e+02    1.74511e+02    1.73558e+02    1.73614e+02    1.74556e+02    1.78703e+02    1.85663e+02    1.92841e+02    2.00211e+02    2.06254e+02    2.11130e+02    2.14060e+02    2.15285e+02    2.14073e+02    2.10745e+02    2.05760e+02    1.99341e+02    1.94170e+02    1.90065e+02    1.86589e+02    1.83659e+02    1.81127e+02
+360 ||    1.85843e+02    1.83269e+02    1.81132e+02    1.79352e+02    1.77849e+02    1.76590e+02    1.77070e+02    1.79097e+02    1.84224e+02    1.92060e+02    1.99628e+02    2.06962e+02    2.12797e+02    2.17309e+02    2.20253e+02    2.21822e+02    2.21279e+02    2.18898e+02    2.13707e+02    2.06108e+02    2.00197e+02    1.95719e+02    1.91908e+02    1.88677e+02    1.85812e+02
##########################################################################################
### MCD_v5.3 with climatology average solar scenario.
### Latitude 39.0N. Longitude 202.0E. Altitude -3900.0 m AMR.
### --------------------------------------------------------------------------------------
### Column 1 is Areocentric longitude (degrees)
### Columns 2+ are Pressure (Pa)
### Line 1 is Local time (Martian hour)
### --------------------------------------------------------------------------------------
### Retrieved on: 2022-10-13T18:36:56.036066
### Mars Climate Database (c) LMD/OU/IAA/ESA/CNES
##########################################################################################
---- ||    0.00000e+00    1.00000e+00    2.00000e+00    3.00000e+00    4.00000e+00    5.00000e+00    6.00000e+00    7.00000e+00    8.00000e+00    9.00000e+00    1.00000e+01    1.10000e+01    1.20000e+01    1.30000e+01    1.40000e+01    1.50000e+01    1.60000e+01    1.70000e+01    1.80000e+01    1.90000e+01    2.00000e+01    2.10000e+01    2.20000e+01    2.30000e+01    2.40000e+01
-----------------------------------
+000 ||    8.18431e+02    8.18541e+02    8.19185e+02    8.20294e+02    8.23099e+02    8.27386e+02    8.33724e+02    8.41855e+02    8.47009e+02    8.49557e+02    8.48335e+02    8.43815e+02    8.39129e+02    8.34300e+02    8.29342e+02    8.24272e+02    8.20070e+02    8.16628e+02    8.17174e+02    8.21210e+02    8.22945e+02    8.22669e+02    8.21428e+02    8.19344e+02    8.18431e+02
+015 ||    8.27879e+02    8.28307e+02    8.28944e+02    8.29763e+02    8.32287e+02    8.36304e+02    8.42053e+02    8.49318e+02    8.53803e+02    8.55857e+02    8.54681e+02    8.50679e+02    8.46617e+02    8.42503e+02    8.38230e+02    8.33817e+02    8.30115e+02    8.27037e+02    8.27206e+02    8.30215e+02    8.31858e+02    8.32304e+02    8.31216e+02    8.28785e+02    8.27879e+02
+030 ||    8.39170e+02    8.39224e+02    8.39706e+02    8.40584e+02    8.43228e+02    8.47416e+02    8.52882e+02    8.59468e+02    8.63692e+02    8.65850e+02    8.65061e+02    8.61694e+02    8.58049e+02    8.54160e+02    8.50109e+02    8.45917e+02    8.42377e+02    8.39408e+02    8.39159e+02    8.41289e+02    8.42636e+02    8.43297e+02    8.42426e+02    8.40215e+02    8.39197e+02
+045 ||    8.48159e+02    8.47781e+02    8.48104e+02    8.49040e+02    8.51796e+02    8.56145e+02    8.61310e+02    8.67191e+02    8.71139e+02    8.73395e+02    8.73000e+02    8.70284e+02    8.67070e+02    8.63419e+02    8.59605e+02    8.55647e+02    8.52281e+02    8.49431e+02    8.48761e+02    8.49998e+02    8.51042e+02    8.51918e+02    8.51269e+02    8.49286e+02    8.48159e+02
+060 ||    8.43713e+02    8.44259e+02    8.45364e+02    8.47045e+02    8.50339e+02    8.55043e+02    8.60085e+02    8.65422e+02    8.68907e+02    8.70771e+02    8.70044e+02    8.67051e+02    8.63610e+02    8.59779e+02    8.55883e+02    8.51931e+02    8.48423e+02    8.45306e+02    8.43954e+02    8.44147e+02    8.44618e+02    8.45332e+02    8.45108e+02    8.44064e+02    8.43814e+02
+075 ||    8.22013e+02    8.23282e+02    8.25154e+02    8.27555e+02    8.31325e+02    8.36293e+02    8.41105e+02    8.45781e+02    8.48726e+02    8.50155e+02    8.49107e+02    8.45894e+02    8.42296e+02    8.38361e+02    8.34463e+02    8.30597e+02    8.27020e+02    8.23695e+02    8.21681e+02    8.20813e+02    8.20695e+02    8.21230e+02    8.21442e+02    8.21370e+02    8.22013e+02
+090 ||    7.89539e+02    7.91182e+02    7.93302e+02    7.95931e+02    7.99802e+02    8.04760e+02    8.09659e+02    8.14508e+02    8.17590e+02    8.19125e+02    8.17807e+02    8.13993e+02    8.09841e+02    8.05393e+02    8.01272e+02    7.97437e+02    7.93932e+02    7.90718e+02    7.88727e+02    7.87808e+02    7.87650e+02    7.88158e+02    7.88509e+02    7.88724e+02    7.89645e+02
+105 ||    7.51707e+02    7.53500e+02    7.55851e+02    7.58691e+02    7.62635e+02    7.67545e+02    7.72496e+02    7.77483e+02    7.80680e+02    7.82310e+02    7.80732e+02    7.76346e+02    7.71672e+02    7.66745e+02    7.62430e+02    7.58652e+02    7.55246e+02    7.52165e+02    7.50213e+02    7.49248e+02    7.49052e+02    7.49527e+02    7.50016e+02    7.50517e+02    7.51707e+02
+120 ||    7.22162e+02    7.23382e+02    7.24914e+02    7.26765e+02    7.30059e+02    7.34616e+02    7.39434e+02    7.44481e+02    7.47404e+02    7.48467e+02    7.46741e+02    7.42574e+02    7.38218e+02    7.33695e+02    7.29666e+02    7.26069e+02    7.22990e+02    7.20366e+02    7.19260e+02    7.19481e+02    7.20034e+02    7.20875e+02    7.21355e+02    7.21519e+02    7.22217e+02
+135 ||    7.02876e+02    7.03433e+02    7.04171e+02    7.05067e+02    7.07761e+02    7.12028e+02    7.16781e+02    7.21958e+02    7.24649e+02    7.25163e+02    7.23266e+02    7.19260e+02    7.15160e+02    7.10977e+02    7.07175e+02    7.03707e+02    7.00912e+02    6.98706e+02    6.98424e+02    6.99828e+02    7.01131e+02    7.02347e+02    7.02825e+02    7.02657e+02    7.02876e+02
+150 ||    6.95587e+02    6.95934e+02    6.96648e+02    6.97652e+02    7.00352e+02    7.04536e+02    7.09807e+02    7.16029e+02    7.19623e+02    7.20919e+02    7.19423e+02    7.15485e+02    7.11710e+02    7.08079e+02    7.04392e+02    7.00658e+02    6.97445e+02    6.94689e+02    6.94506e+02    6.96577e+02    6.97831e+02    6.98369e+02    6.97747e+02    6.96112e+02    6.95552e+02
+165 ||    7.04109e+02    7.04324e+02    7.05030e+02    7.06166e+02    7.08934e+02    7.13130e+02    7.19041e+02    7.26453e+02    7.31037e+02    7.33146e+02    7.32018e+02    7.28058e+02    7.24524e+02    7.21363e+02    7.17708e+02    7.13621e+02    7.09915e+02    7.06544e+02    7.06457e+02    7.09245e+02    7.10477e+02    7.10347e+02    7.08609e+02    7.05463e+02    7.04109e+02
+180 ||    7.23606e+02    7.22930e+02    7.23382e+02    7.24698e+02    7.27321e+02    7.31089e+02    7.37200e+02    7.45361e+02    7.49885e+02    7.51228e+02    7.50248e+02    7.47236e+02    7.43677e+02    7.39638e+02    7.35330e+02    7.30785e+02    7.27101e+02    7.24169e+02    7.24800e+02    7.28549e+02    7.29446e+02    7.27846e+02    7.26207e+02    7.24534e+02    7.23467e+02
+195 ||    7.54722e+02    7.53425e+02    7.53629e+02    7.55147e+02    7.57670e+02    7.61071e+02    7.67482e+02    7.76526e+02    7.81066e+02    7.81664e+02    7.80816e+02    7.78703e+02    7.75059e+02    7.70076e+02    7.65044e+02    7.59967e+02    7.56243e+02    7.53703e+02    7.55062e+02    7.59834e+02    7.60410e+02    7.57315e+02    7.55748e+02    7.55520e+02    7.54722e+02
+210 ||    7.99792e+02    7.98513e+02    7.99329e+02    8.01779e+02    8.05054e+02    8.09053e+02    8.16446e+02    8.26810e+02    8.32106e+02    8.32968e+02    8.31517e+02    8.28042e+02    8.22771e+02    8.15930e+02    8.09231e+02    8.02658e+02    7.98194e+02    7.95578e+02    7.97649e+02    8.03823e+02    8.04892e+02    8.01494e+02    7.99966e+02    8.00074e+02    7.99565e+02
+225 ||    8.51710e+02    8.50898e+02    8.52339e+02    8.55750e+02    8.59816e+02    8.64452e+02    8.72902e+02    8.84688e+02    8.90793e+02    8.91929e+02    8.89855e+02    8.84974e+02    8.78014e+02    8.69236e+02    8.60797e+02    8.52653e+02    8.47404e+02    8.44688e+02    8.47497e+02    8.55141e+02    8.56718e+02    8.52986e+02    8.51484e+02    8.51933e+02    8.51710e+02
+240 ||    8.96877e+02    8.96246e+02    8.97664e+02    9.00739e+02    9.04868e+02    9.09920e+02    9.18267e+02    9.29497e+02    9.35369e+02    9.36552e+02    9.34083e+02    9.28418e+02    9.20983e+02    9.11998e+02    9.03639e+02    8.95829e+02    8.91287e+02    8.89604e+02    8.92614e+02    8.99729e+02    9.01491e+02    8.98567e+02    8.97142e+02    8.97028e+02    8.96722e+02
+255 ||    9.19777e+02    9.19649e+02    9.21010e+02    9.23673e+02    9.27766e+02    9.33109e+02    9.41151e+02    9.51553e+02    9.57050e+02    9.58252e+02    9.55449e+02    9.49141e+02    9.41411e+02    9.32439e+02    9.24365e+02    9.17077e+02    9.13350e+02    9.12738e+02    9.15874e+02    9.22290e+02    9.24192e+02    9.22145e+02    9.20831e+02    9.20159e+02    9.19777e+02
+270 ||    9.11633e+02    9.11223e+02    9.12241e+02    9.14540e+02    9.18317e+02    9.23388e+02    9.31019e+02    9.40892e+02    9.46385e+02    9.48046e+02    9.45335e+02    9.38798e+02    9.30997e+02    9.22092e+02    9.14460e+02    9.07944e+02    9.04640e+02    9.04147e+02    9.07396e+02    9.13921e+02    9.16011e+02    9.14222e+02    9.12991e+02    9.12249e+02    9.11666e+02
+285 ||    8.86814e+02    8.86066e+02    8.86729e+02    8.88625e+02    8.92021e+02    8.96729e+02    9.03815e+02    9.12982e+02    9.18371e+02    9.20454e+02    9.17884e+02    9.11242e+02    9.03515e+02    8.94840e+02    8.87787e+02    8.82152e+02    8.79326e+02    8.78959e+02    8.82260e+02    8.88772e+02    8.91010e+02    8.89508e+02    8.88381e+02    8.87584e+02    8.86814e+02
+300 ||    8.58489e+02    8.57863e+02    8.58772e+02    8.61115e+02    8.64649e+02    8.69225e+02    8.76468e+02    8.86045e+02    8.91528e+02    8.93427e+02    8.90887e+02    8.84462e+02    8.77038e+02    8.68740e+02    8.61828e+02    8.56129e+02    8.52789e+02    8.51512e+02    8.54431e+02    8.61022e+02    8.63105e+02    8.61246e+02    8.60006e+02    8.59309e+02    8.58594e+02
+315 ||    8.36962e+02    8.36242e+02    8.37404e+02    8.40213e+02    8.43912e+02    8.48391e+02    8.55847e+02    8.65908e+02    8.71526e+02    8.73258e+02    8.70729e+02    8.64471e+02    8.57293e+02    8.49307e+02    8.42483e+02    8.36676e+02    8.32796e+02    8.30601e+02    8.33160e+02    8.39879e+02    8.41825e+02    8.39594e+02    8.38231e+02    8.37628e+02    8.36962e+02
+330 ||    8.25672e+02    8.25305e+02    8.26213e+02    8.28324e+02    8.31727e+02    8.36262e+02    8.43478e+02    8.53041e+02    8.58782e+02    8.61180e+02    8.59277e+02    8.53610e+02    8.47346e+02    8.40559e+02    8.34305e+02    8.28516e+02    8.24208e+02    8.21194e+02    8.22940e+02    8.28851e+02    8.30745e+02    8.29124e+02    8.27741e+02    8.26566e+02    8.25770e+02
+345 ||    8.17740e+02    8.17530e+02    8.18187e+02    8.19604e+02    8.22723e+02    8.27331e+02    8.34335e+02    8.43433e+02    8.49321e+02    8.52399e+02    8.51118e+02    8.46022e+02    8.40653e+02    8.35045e+02    8.29339e+02    8.23547e+02    8.18791e+02    8.14942e+02    8.15878e+02    8.20998e+02    8.22848e+02    8.21834e+02    8.20425e+02    8.18671e+02    8.17740e+02
+360 ||    8.18398e+02    8.18541e+02    8.19185e+02    8.20294e+02    8.23099e+02    8.27386e+02    8.33724e+02    8.41855e+02    8.47009e+02    8.49557e+02    8.48335e+02    8.43815e+02    8.39129e+02    8.34300e+02    8.29342e+02    8.24272e+02    8.20070e+02    8.16628e+02    8.17174e+02    8.21210e+02    8.22945e+02    8.22669e+02    8.21428e+02    8.19344e+02    8.18431e+02
##########################################################################################
### MCD_v5.3 with climatology average solar scenario.
### Latitude 39.0N. Longitude 202.0E. Altitude -3900.0 m AMR.
### --------------------------------------------------------------------------------------
### Column 1 is Areocentric longitude (degrees)
### Columns 2+ are Density (kg/m3)
### Line 1 is Local time (Martian hour)
### --------------------------------------------------------------------------------------
### Retrieved on: 2022-10-13T18:36:56.037683
### Mars Climate Database (c) LMD/OU/IAA/ESA/CNES
##########################################################################################
---- ||    0.00000e+00    1.00000e+00    2.00000e+00    3.00000e+00    4.00000e+00    5.00000e+00    6.00000e+00    7.00000e+00    8.00000e+00    9.00000e+00    1.00000e+01    1.10000e+01    1.20000e+01    1.30000e+01    1.40000e+01    1.50000e+01    1.60000e+01    1.70000e+01    1.80000e+01    1.90000e+01    2.00000e+01    2.10000e+01    2.20000e+01    2.30000e+01    2.40000e+01
-----------------------------------
+000 ||    2.31460e-02    2.34684e-02    2.37615e-02    2.40288e-02    2.43136e-02    2.46137e-02    2.47363e-02    2.47006e-02    2.41990e-02    2.32904e-02    2.23811e-02    2.14713e-02    2.07511e-02    2.01980e-02    1.98008e-02    1.95402e-02    1.94895e-02    1.96218e-02    2.01316e-02    2.09665e-02    2.16119e-02    2.20956e-02    2.24951e-02    2.28217e-02    2.31460e-02
+015 ||    2.28459e-02    2.32121e-02    2.35401e-02    2.38351e-02    2.41475e-02    2.44753e-02    2.45203e-02    2.43113e-02    2.36858e-02    2.26999e-02    2.17884e-02    2.09421e-02    2.02926e-02    1.98163e-02    1.94522e-02    1.91862e-02    1.90879e-02    1.91360e-02    1.96340e-02    2.05171e-02    2.12048e-02    2.17277e-02    2.21524e-02    2.24920e-02    2.28459e-02
+030 ||    2.29877e-02    2.31299e-02    2.34560e-02    2.37531e-02    2.40683e-02    2.43994e-02    2.43502e-02    2.39572e-02    2.32721e-02    2.23392e-02    2.14927e-02    2.07217e-02    2.01351e-02    1.97109e-02    1.93788e-02    1.91273e-02    1.90136e-02    1.90204e-02    1.94851e-02    2.03397e-02    2.10364e-02    2.16020e-02    2.20555e-02    2.24121e-02    2.27703e-02
+045 ||    2.26296e-02    2.29815e-02    2.33047e-02    2.36032e-02    2.39204e-02    2.42540e-02    2.41095e-02    2.35302e-02    2.27857e-02    2.19093e-02    2.11311e-02    2.04384e-02    1.99170e-02    1.95468e-02    1.92480e-02    1.90117e-02    1.88826e-02    1.88474e-02    1.92773e-02    2.01019e-02    2.08063e-02    2.14135e-02    2.18949e-02    2.22677e-02    2.26296e-02
+060 ||    2.29881e-02    2.24913e-02    2.28198e-02    2.31275e-02    2.34539e-02    2.37967e-02    2.36244e-02    2.29826e-02    2.22427e-02    2.14315e-02    2.07112e-02    2.00703e-02    1.95890e-02    1.92481e-02    1.89705e-02    1.87480e-02    1.86167e-02    1.85652e-02    1.89539e-02    1.97144e-02    2.03722e-02    2.09494e-02    2.14131e-02    2.17793e-02    2.21385e-02
+075 ||    2.11846e-02    2.15307e-02    2.18581e-02    2.21689e-02    2.24985e-02    2.28444e-02    2.26475e-02    2.19549e-02    2.12342e-02    2.05057e-02    1.98590e-02    1.92839e-02    1.88530e-02    1.85489e-02    1.82983e-02    1.80943e-02    1.79635e-02    1.78966e-02    1.82357e-02    1.89161e-02    1.95133e-02    2.00479e-02    2.04841e-02    2.08355e-02    2.11846e-02
+090 ||    2.12038e-02    2.06774e-02    2.09991e-02    2.13043e-02    2.16262e-02    2.19628e-02    2.17744e-02    2.11065e-02    2.04086e-02    1.97004e-02    1.90654e-02    1.84946e-02    1.80634e-02    1.77546e-02    1.75030e-02    1.73013e-02    1.71728e-02    1.71086e-02    1.74464e-02    1.81226e-02    1.87205e-02    1.92591e-02    1.96813e-02    2.00039e-02    2.03367e-02
+105 ||    1.93455e-02    1.96782e-02    1.99920e-02    2.02894e-02    2.06014e-02    2.09263e-02    2.07476e-02    2.01093e-02    1.94391e-02    1.87561e-02    1.81373e-02    1.75750e-02    1.71464e-02    1.68353e-02    1.65845e-02    1.63864e-02    1.62613e-02    1.62001e-02    1.65342e-02    1.72014e-02    1.77956e-02    1.83343e-02    1.87396e-02    1.90311e-02    1.93455e-02
+120 ||    1.91354e-02    1.89945e-02    1.92760e-02    1.95383e-02    1.98318e-02    2.01527e-02    2.00170e-02    1.94651e-02    1.88250e-02    1.81215e-02    1.74872e-02    1.69138e-02    1.64777e-02    1.61625e-02    1.59081e-02    1.57067e-02    1.55897e-02    1.55463e-02    1.59124e-02    1.66246e-02    1.72304e-02    1.77510e-02    1.81353e-02    1.84032e-02    1.86909e-02
+135 ||    1.82982e-02    1.85771e-02    1.88304e-02    1.90615e-02    1.93408e-02    1.96621e-02    1.95674e-02    1.90935e-02    1.84745e-02    1.77408e-02    1.70824e-02    1.64900e-02    1.60405e-02    1.57169e-02    1.54554e-02    1.52480e-02    1.51373e-02    1.51110e-02    1.55140e-02    1.62809e-02    1.69066e-02    1.74163e-02    1.77850e-02    1.80330e-02    1.82982e-02
+150 ||    1.81219e-02    1.87169e-02    1.89778e-02    1.92125e-02    1.94836e-02    1.97863e-02    1.97582e-02    1.94289e-02    1.88460e-02    1.80496e-02    1.73263e-02    1.66669e-02    1.61706e-02    1.58179e-02    1.55328e-02    1.53066e-02    1.52087e-02    1.52229e-02    1.56603e-02    1.64585e-02    1.70857e-02    1.75689e-02    1.79204e-02    1.81588e-02    1.84259e-02
+165 ||    1.89763e-02    1.92861e-02    1.95605e-02    1.98042e-02    2.00733e-02    2.03647e-02    2.04025e-02    2.02099e-02    1.96492e-02    1.87720e-02    1.79672e-02    1.72257e-02    1.66709e-02    1.62810e-02    1.59657e-02    1.57154e-02    1.56281e-02    1.56830e-02    1.61651e-02    1.70140e-02    1.76574e-02    1.81252e-02    1.84674e-02    1.87014e-02    1.89763e-02
+180 ||    1.88355e-02    2.02701e-02    2.05394e-02    2.07929e-02    2.10620e-02    2.13448e-02    2.14625e-02    2.14314e-02    2.09010e-02    1.99341e-02    1.90432e-02    1.82199e-02    1.75869e-02    1.71220e-02    1.67662e-02    1.65059e-02    1.64683e-02    1.66247e-02    1.71524e-02    1.79994e-02    1.86189e-02    1.90433e-02    1.93974e-02    1.96913e-02    1.99824e-02
+195 ||    2.13186e-02    2.15894e-02    2.18585e-02    2.21260e-02    2.23997e-02    2.26787e-02    2.28772e-02    2.30036e-02    2.24936e-02    2.14228e-02    2.04318e-02    1.95133e-02    1.87920e-02    1.82447e-02    1.78427e-02    1.75680e-02    1.75791e-02    1.78386e-02    1.84205e-02    1.92802e-02    1.98865e-02    2.02751e-02    2.06474e-02    2.10063e-02    2.13186e-02
+210 ||    2.13638e-02    2.34660e-02    2.37152e-02    2.39775e-02    2.42471e-02    2.45230e-02    2.47859e-02    2.50368e-02    2.46970e-02    2.38373e-02    2.29197e-02    2.19529e-02    2.11440e-02    2.04743e-02    1.99878e-02    1.96621e-02    1.96789e-02    1.99935e-02    2.05687e-02    2.13705e-02    2.19315e-02    2.22840e-02    2.26238e-02    2.29530e-02    2.32317e-02
+225 ||    2.53684e-02    2.55676e-02    2.57987e-02    2.60577e-02    2.63252e-02    2.66001e-02    2.69298e-02    2.73077e-02    2.71360e-02    2.64815e-02    2.56296e-02    2.46053e-02    2.37010e-02    2.29023e-02    2.23266e-02    2.19465e-02    2.19693e-02    2.23424e-02    2.29177e-02    2.36707e-02    2.41918e-02    2.45112e-02    2.48207e-02    2.51217e-02    2.53684e-02
+240 ||    2.56458e-02    2.70886e-02    2.72839e-02    2.75061e-02    2.77454e-02    2.79998e-02    2.83094e-02    2.86674e-02    2.85430e-02    2.79951e-02    2.72089e-02    2.62143e-02    2.53360e-02    2.45599e-02    2.40212e-02    2.36906e-02    2.37606e-02    2.41796e-02    2.47482e-02    2.54484e-02    2.59321e-02    2.62267e-02    2.64902e-02    2.67263e-02    2.69242e-02
+255 ||    2.78208e-02    2.79463e-02    2.81009e-02    2.82809e-02    2.84862e-02    2.87138e-02    2.89958e-02    2.93255e-02    2.92513e-02    2.88229e-02    2.81213e-02    2.71803e-02    2.63491e-02    2.56143e-02    2.51256e-02    2.48524e-02    2.49683e-02    2.54238e-02    2.59725e-02    2.66036e-02    2.70381e-02    2.73006e-02    2.75113e-02    2.76767e-02    2.78208e-02
+270 ||    2.78912e-02    2.77460e-02    2.78991e-02    2.80744e-02    2.82709e-02    2.84860e-02    2.87480e-02    2.90510e-02    2.89599e-02    2.85233e-02    2.77885e-02    2.67928e-02    2.59223e-02    2.51618e-02    2.46746e-02    2.44267e-02    2.45808e-02    2.50854e-02    2.56708e-02    2.63282e-02    2.67852e-02    2.70672e-02    2.72924e-02    2.74681e-02    2.76182e-02
+285 ||    2.69078e-02    2.70355e-02    2.71843e-02    2.73517e-02    2.75359e-02    2.77347e-02    2.79721e-02    2.82432e-02    2.81372e-02    2.77005e-02    2.69466e-02    2.59153e-02    2.50221e-02    2.42504e-02    2.37737e-02    2.35553e-02    2.37442e-02    2.42879e-02    2.48988e-02    2.55698e-02    2.60407e-02    2.63365e-02    2.65720e-02    2.67545e-02    2.69078e-02
+300 ||    2.68056e-02    2.60991e-02    2.62796e-02    2.64804e-02    2.66907e-02    2.69094e-02    2.71637e-02    2.74493e-02    2.73129e-02    2.68063e-02    2.60256e-02    2.50051e-02    2.41176e-02    2.33469e-02    2.28485e-02    2.25889e-02    2.27178e-02    2.31848e-02    2.37710e-02    2.44631e-02    2.49544e-02    2.52703e-02    2.55353e-02    2.57555e-02    2.59420e-02
+315 ||    2.51755e-02    2.53632e-02    2.55766e-02    2.58123e-02    2.60503e-02    2.62904e-02    2.65637e-02    2.68661e-02    2.66983e-02    2.61178e-02    2.53043e-02    2.42867e-02    2.33979e-02    2.26223e-02    2.20986e-02    2.17956e-02    2.18658e-02    2.22600e-02    2.28265e-02    2.35452e-02    2.40605e-02    2.43988e-02    2.46950e-02    2.49544e-02    2.51755e-02
+330 ||    2.51934e-02    2.46291e-02    2.48656e-02    2.51039e-02    2.53522e-02    2.56092e-02    2.58466e-02    2.60665e-02    2.57921e-02    2.50838e-02    2.42205e-02    2.32217e-02    2.23792e-02    2.16742e-02    2.11956e-02    2.09154e-02    2.09490e-02    2.12551e-02    2.18013e-02    2.25571e-02    2.31185e-02    2.35113e-02    2.38480e-02    2.41357e-02    2.43948e-02
+345 ||    2.37070e-02    2.39886e-02    2.42491e-02    2.44909e-02    2.47503e-02    2.50252e-02    2.52272e-02    2.53646e-02    2.49817e-02    2.41420e-02    2.32251e-02    2.22411e-02    2.14418e-02    2.08051e-02    2.03700e-02    2.01118e-02    2.01085e-02    2.03268e-02    2.08553e-02    2.16529e-02    2.22636e-02    2.27132e-02    2.30919e-02    2.34089e-02    2.37070e-02
+360 ||    2.34121e-02    2.34684e-02    2.37615e-02    2.40288e-02    2.43136e-02    2.46137e-02    2.47363e-02    2.47006e-02    2.41990e-02    2.32904e-02    2.23811e-02    2.14713e-02    2.07511e-02    2.01980e-02    1.98008e-02    1.95402e-02    1.94895e-02    1.96218e-02    2.01316e-02    2.09665e-02    2.16119e-02    2.20956e-02    2.24951e-02    2.28217e-02    2.31460e-02
