##########################################################################################
### MCD_v5.3 with climatology average solar scenario.
### Latitude 39.0N. Longitude 193.0E. Altitude -3900.0 m AMR.
### --------------------------------------------------------------------------------------
### Column 1 is Areocentric longitude (degrees)
### Columns 2+ are Temperature (K)
### Line 1 is Local time (Martian hour)
### --------------------------------------------------------------------------------------
### Retrieved on: 2022-10-13T18:37:12.899519
### Mars Climate Database (c) LMD/OU/IAA/ESA/CNES
##########################################################################################
---- ||    0.00000e+00    1.00000e+00    2.00000e+00    3.00000e+00    4.00000e+00    5.00000e+00    6.00000e+00    7.00000e+00    8.00000e+00    9.00000e+00    1.00000e+01    1.10000e+01    1.20000e+01    1.30000e+01    1.40000e+01    1.50000e+01    1.60000e+01    1.70000e+01    1.80000e+01    1.90000e+01    2.00000e+01    2.10000e+01    2.20000e+01    2.30000e+01    2.40000e+01
-----------------------------------
+000 ||    1.89522e+02    1.86937e+02    1.84832e+02    1.82810e+02    1.81328e+02    1.79971e+02    1.79444e+02    1.79718e+02    1.85256e+02    1.91091e+02    1.98286e+02    2.05258e+02    2.10539e+02    2.15462e+02    2.17999e+02    2.20181e+02    2.20080e+02    2.19238e+02    2.13683e+02    2.08385e+02    2.03600e+02    1.98993e+02    1.95535e+02    1.92181e+02    1.89522e+02
+015 ||    1.95631e+02    1.92748e+02    1.90343e+02    1.88020e+02    1.86225e+02    1.84601e+02    1.84096e+02    1.84524e+02    1.91083e+02    1.97869e+02    2.05269e+02    2.12374e+02    2.17345e+02    2.22001e+02    2.24595e+02    2.26891e+02    2.27274e+02    2.26839e+02    2.21221e+02    2.15845e+02    2.10623e+02    2.05669e+02    2.02123e+02    1.98588e+02    1.95631e+02
+030 ||    2.00019e+02    1.96996e+02    1.94635e+02    1.92348e+02    1.90538e+02    1.88937e+02    1.88697e+02    1.89434e+02    1.96576e+02    2.03847e+02    2.10896e+02    2.17644e+02    2.22236e+02    2.26539e+02    2.28974e+02    2.31150e+02    2.31657e+02    2.31392e+02    2.26236e+02    2.21201e+02    2.15615e+02    2.10345e+02    2.06619e+02    2.02989e+02    1.99955e+02
+045 ||    2.04222e+02    2.01227e+02    1.98910e+02    1.96659e+02    1.94833e+02    1.93252e+02    1.93273e+02    1.94320e+02    2.02070e+02    2.09827e+02    2.16526e+02    2.22917e+02    2.27125e+02    2.31072e+02    2.33351e+02    2.35409e+02    2.36041e+02    2.35946e+02    2.31245e+02    2.26542e+02    2.20574e+02    2.14975e+02    2.11069e+02    2.07271e+02    2.04222e+02
+060 ||    2.08116e+02    2.04880e+02    2.02568e+02    2.00284e+02    1.98494e+02    1.96954e+02    1.97049e+02    1.98160e+02    2.05915e+02    2.13594e+02    2.19942e+02    2.25986e+02    2.29892e+02    2.33552e+02    2.35650e+02    2.37551e+02    2.38177e+02    2.38154e+02    2.34027e+02    2.29833e+02    2.23983e+02    2.18491e+02    2.14576e+02    2.10771e+02    2.07777e+02
+075 ||    2.11310e+02    2.08455e+02    2.06141e+02    2.03908e+02    2.02156e+02    2.00658e+02    2.00821e+02    2.02034e+02    2.09770e+02    2.17363e+02    2.23359e+02    2.29057e+02    2.32659e+02    2.36032e+02    2.37949e+02    2.39693e+02    2.40314e+02    2.40362e+02    2.36801e+02    2.33103e+02    2.27366e+02    2.21976e+02    2.18059e+02    2.14251e+02    2.11310e+02
+090 ||    2.11849e+02    2.08555e+02    2.06278e+02    2.04082e+02    2.02315e+02    2.00816e+02    2.01061e+02    2.02378e+02    2.10266e+02    2.17992e+02    2.24033e+02    2.29777e+02    2.33434e+02    2.36860e+02    2.38815e+02    2.40596e+02    2.41243e+02    2.41274e+02    2.37422e+02    2.33437e+02    2.27489e+02    2.21946e+02    2.18061e+02    2.14276e+02    2.11372e+02
+105 ||    2.11433e+02    2.08655e+02    2.06415e+02    2.04252e+02    2.02474e+02    2.00974e+02    2.01302e+02    2.02723e+02    2.10763e+02    2.18621e+02    2.24708e+02    2.30498e+02    2.34210e+02    2.37687e+02    2.39682e+02    2.41500e+02    2.42172e+02    2.42187e+02    2.38044e+02    2.33772e+02    2.27611e+02    2.21918e+02    2.18062e+02    2.14301e+02    2.11433e+02
+120 ||    2.10450e+02    2.07456e+02    2.05269e+02    2.03118e+02    2.01319e+02    1.99764e+02    1.99809e+02    2.00919e+02    2.08899e+02    2.16787e+02    2.23202e+02    2.29319e+02    2.33326e+02    2.37085e+02    2.39268e+02    2.41254e+02    2.41964e+02    2.41920e+02    2.37107e+02    2.32287e+02    2.26141e+02    2.20456e+02    2.16666e+02    2.12968e+02    2.10169e+02
+135 ||    2.08906e+02    2.06257e+02    2.04123e+02    2.01982e+02    2.00164e+02    1.98555e+02    1.98308e+02    1.99138e+02    2.07045e+02    2.14953e+02    2.21696e+02    2.28139e+02    2.32442e+02    2.36482e+02    2.38853e+02    2.41008e+02    2.41756e+02    2.41653e+02    2.36174e+02    2.30811e+02    2.24678e+02    2.18999e+02    2.15273e+02    2.11636e+02    2.08906e+02
+150 ||    2.04994e+02    2.02554e+02    2.00393e+02    1.98278e+02    1.96471e+02    1.94844e+02    1.94389e+02    1.95003e+02    2.02658e+02    2.10459e+02    2.17789e+02    2.24815e+02    2.29642e+02    2.34182e+02    2.36884e+02    2.39298e+02    2.39846e+02    2.39420e+02    2.32839e+02    2.26566e+02    2.20581e+02    2.15008e+02    2.11395e+02    2.07879e+02    2.05181e+02
+165 ||    2.01412e+02    1.98749e+02    1.96640e+02    1.94570e+02    1.92775e+02    1.91131e+02    1.90469e+02    1.90871e+02    1.98301e+02    2.05968e+02    2.13885e+02    2.21492e+02    2.26842e+02    2.31880e+02    2.34915e+02    2.37589e+02    2.37936e+02    2.37188e+02    2.29498e+02    2.22298e+02    2.16441e+02    2.10961e+02    2.07483e+02    2.04107e+02    2.01412e+02
+180 ||    1.94964e+02    1.92616e+02    1.90444e+02    1.88326e+02    1.86578e+02    1.84959e+02    1.84189e+02    1.84406e+02    1.91147e+02    1.98249e+02    2.06701e+02    2.14822e+02    2.20534e+02    2.25901e+02    2.28992e+02    2.31643e+02    2.31465e+02    2.30301e+02    2.22871e+02    2.15930e+02    2.10461e+02    2.05281e+02    2.01737e+02    1.98215e+02    1.95371e+02
+195 ||    1.89303e+02    1.86453e+02    1.84217e+02    1.82050e+02    1.80348e+02    1.78755e+02    1.77875e+02    1.77911e+02    1.83985e+02    1.90554e+02    1.99533e+02    2.08167e+02    2.14228e+02    2.19915e+02    2.23065e+02    2.25697e+02    2.25006e+02    2.23432e+02    2.16233e+02    2.09516e+02    2.04405e+02    1.99478e+02    1.95812e+02    1.92245e+02    1.89303e+02
+210 ||    1.83096e+02    1.81086e+02    1.79370e+02    1.77709e+02    1.76419e+02    1.75204e+02    1.74481e+02    1.74405e+02    1.78566e+02    1.83207e+02    1.90589e+02    1.97772e+02    2.03528e+02    2.08934e+02    2.11958e+02    2.14435e+02    2.13386e+02    2.11703e+02    2.05920e+02    2.00443e+02    1.96000e+02    1.91750e+02    1.88678e+02    1.85703e+02    1.83354e+02
+225 ||    1.77321e+02    1.75640e+02    1.74453e+02    1.73307e+02    1.72435e+02    1.71603e+02    1.71040e+02    1.70852e+02    1.73107e+02    1.75849e+02    1.81646e+02    1.87408e+02    1.92854e+02    1.97970e+02    2.00860e+02    2.03174e+02    2.01776e+02    1.99976e+02    1.95478e+02    1.91113e+02    1.87440e+02    1.83932e+02    1.81456e+02    1.79074e+02    1.77321e+02
+240 ||    1.75764e+02    1.74570e+02    1.73677e+02    1.72812e+02    1.72128e+02    1.71477e+02    1.71044e+02    1.70892e+02    1.72567e+02    1.74700e+02    1.79733e+02    1.84753e+02    1.89604e+02    1.94123e+02    1.96458e+02    1.98262e+02    1.96596e+02    1.94624e+02    1.90631e+02    1.86781e+02    1.83739e+02    1.80848e+02    1.78936e+02    1.77105e+02    1.75811e+02
+255 ||    1.74293e+02    1.73494e+02    1.72898e+02    1.72316e+02    1.71821e+02    1.71351e+02    1.71049e+02    1.70933e+02    1.72027e+02    1.73550e+02    1.77821e+02    1.82098e+02    1.86355e+02    1.90285e+02    1.92072e+02    1.93361e+02    1.91411e+02    1.89258e+02    1.85766e+02    1.82424e+02    1.80011e+02    1.77739e+02    1.76397e+02    1.75123e+02    1.74293e+02
+270 ||    1.74280e+02    1.73364e+02    1.72673e+02    1.72005e+02    1.71476e+02    1.70977e+02    1.70671e+02    1.70563e+02    1.71750e+02    1.73390e+02    1.77928e+02    1.82477e+02    1.87043e+02    1.91259e+02    1.93172e+02    1.94560e+02    1.92539e+02    1.90289e+02    1.86523e+02    1.82934e+02    1.80433e+02    1.78068e+02    1.76611e+02    1.75222e+02    1.74276e+02
+285 ||    1.74259e+02    1.73234e+02    1.72449e+02    1.71694e+02    1.71131e+02    1.70602e+02    1.70292e+02    1.70193e+02    1.71473e+02    1.73230e+02    1.78035e+02    1.82856e+02    1.87732e+02    1.92233e+02    1.94271e+02    1.95759e+02    1.93666e+02    1.91319e+02    1.87278e+02    1.83443e+02    1.80854e+02    1.78396e+02    1.76824e+02    1.75321e+02    1.74259e+02
+300 ||    1.74850e+02    1.73539e+02    1.72618e+02    1.71732e+02    1.71080e+02    1.70463e+02    1.70076e+02    1.69961e+02    1.71630e+02    1.73762e+02    1.78841e+02    1.83928e+02    1.89014e+02    1.93734e+02    1.96053e+02    1.97834e+02    1.96106e+02    1.94053e+02    1.89845e+02    1.85821e+02    1.82838e+02    1.79991e+02    1.78035e+02    1.76159e+02    1.74822e+02
+315 ||    1.75383e+02    1.73843e+02    1.72786e+02    1.71771e+02    1.71029e+02    1.70325e+02    1.69860e+02    1.69731e+02    1.71787e+02    1.74294e+02    1.79647e+02    1.85000e+02    1.90296e+02    1.95236e+02    1.97839e+02    1.99912e+02    1.98545e+02    1.96788e+02    1.92407e+02    1.88191e+02    1.84814e+02    1.81578e+02    1.79240e+02    1.76995e+02    1.75383e+02
+330 ||    1.79462e+02    1.77475e+02    1.76043e+02    1.74673e+02    1.73718e+02    1.72823e+02    1.72314e+02    1.72309e+02    1.75603e+02    1.79306e+02    1.85482e+02    1.91569e+02    1.97000e+02    2.02067e+02    2.04615e+02    2.06688e+02    2.05712e+02    2.04211e+02    1.99289e+02    1.94538e+02    1.90639e+02    1.86892e+02    1.84081e+02    1.81375e+02    1.79388e+02
+345 ||    1.83366e+02    1.81079e+02    1.79274e+02    1.77553e+02    1.76387e+02    1.75302e+02    1.74751e+02    1.74874e+02    1.79409e+02    1.84316e+02    1.91317e+02    1.98148e+02    2.03731e+02    2.08914e+02    2.11398e+02    2.13469e+02    2.12895e+02    2.11651e+02    2.06110e+02    2.00840e+02    1.96432e+02    1.92169e+02    1.88889e+02    1.85726e+02    1.83366e+02
+360 ||    1.89577e+02    1.86937e+02    1.84832e+02    1.82810e+02    1.81328e+02    1.79971e+02    1.79444e+02    1.79718e+02    1.85256e+02    1.91091e+02    1.98286e+02    2.05258e+02    2.10539e+02    2.15462e+02    2.17999e+02    2.20181e+02    2.20080e+02    2.19238e+02    2.13683e+02    2.08385e+02    2.03600e+02    1.98993e+02    1.95535e+02    1.92181e+02    1.89522e+02
##########################################################################################
### MCD_v5.3 with climatology average solar scenario.
### Latitude 39.0N. Longitude 193.0E. Altitude -3900.0 m AMR.
### --------------------------------------------------------------------------------------
### Column 1 is Areocentric longitude (degrees)
### Columns 2+ are Pressure (Pa)
### Line 1 is Local time (Martian hour)
### --------------------------------------------------------------------------------------
### Retrieved on: 2022-10-13T18:37:12.901175
### Mars Climate Database (c) LMD/OU/IAA/ESA/CNES
##########################################################################################
---- ||    0.00000e+00    1.00000e+00    2.00000e+00    3.00000e+00    4.00000e+00    5.00000e+00    6.00000e+00    7.00000e+00    8.00000e+00    9.00000e+00    1.00000e+01    1.10000e+01    1.20000e+01    1.30000e+01    1.40000e+01    1.50000e+01    1.60000e+01    1.70000e+01    1.80000e+01    1.90000e+01    2.00000e+01    2.10000e+01    2.20000e+01    2.30000e+01    2.40000e+01
-----------------------------------
+000 ||    8.20283e+02    8.21226e+02    8.22125e+02    8.23350e+02    8.26702e+02    8.30375e+02    8.36137e+02    8.41997e+02    8.48494e+02    8.53479e+02    8.48628e+02    8.43792e+02    8.39058e+02    8.34262e+02    8.29040e+02    8.23931e+02    8.19539e+02    8.15868e+02    8.16874e+02    8.18286e+02    8.22349e+02    8.25427e+02    8.22095e+02    8.19334e+02    8.20283e+02
+015 ||    8.30637e+02    8.31450e+02    8.32677e+02    8.34111e+02    8.36886e+02    8.40105e+02    8.46211e+02    8.52073e+02    8.56340e+02    8.59523e+02    8.55634e+02    8.51716e+02    8.47609e+02    8.43488e+02    8.39261e+02    8.35079e+02    8.31183e+02    8.27873e+02    8.28369e+02    8.29243e+02    8.32590e+02    8.35110e+02    8.32257e+02    8.29887e+02    8.30637e+02
+030 ||    8.41381e+02    8.41710e+02    8.42969e+02    8.44466e+02    8.47511e+02    8.50933e+02    8.56810e+02    8.62415e+02    8.66249e+02    8.69150e+02    8.65964e+02    8.62671e+02    8.58680e+02    8.54696e+02    8.50741e+02    8.46818e+02    8.43104e+02    8.39886e+02    8.39900e+02    8.40321e+02    8.43392e+02    8.45741e+02    8.43395e+02    8.41374e+02    8.41464e+02
+045 ||    8.49926e+02    8.49598e+02    8.50885e+02    8.52443e+02    8.55751e+02    8.59368e+02    8.64995e+02    8.70324e+02    8.73712e+02    8.76319e+02    8.73852e+02    8.71199e+02    8.67337e+02    8.63502e+02    8.59832e+02    8.56183e+02    8.52662e+02    8.49548e+02    8.49076e+02    8.49038e+02    8.51823e+02    8.53992e+02    8.52165e+02    8.50505e+02    8.49926e+02
+060 ||    8.45672e+02    8.46345e+02    8.47857e+02    8.49653e+02    8.53285e+02    8.57143e+02    8.62473e+02    8.67527e+02    8.70786e+02    8.73200e+02    8.70131e+02    8.66943e+02    8.62978e+02    8.59048e+02    8.55345e+02    8.51657e+02    8.48068e+02    8.44805e+02    8.43651e+02    8.42973e+02    8.45389e+02    8.47356e+02    8.46414e+02    8.45634e+02    8.45907e+02
+075 ||    8.24395e+02    8.25602e+02    8.27310e+02    8.29308e+02    8.33193e+02    8.37215e+02    8.42133e+02    8.46808e+02    8.49866e+02    8.52034e+02    8.48420e+02    8.44756e+02    8.40768e+02    8.36824e+02    8.33162e+02    8.29510e+02    8.25928e+02    8.22580e+02    8.20761e+02    8.19449e+02    8.21442e+02    8.23165e+02    8.23137e+02    8.23265e+02    8.24395e+02
+090 ||    7.92216e+02    7.93931e+02    7.95781e+02    7.97899e+02    8.01763e+02    8.05770e+02    8.10714e+02    8.15412e+02    8.18488e+02    8.20610e+02    8.16539e+02    8.12433e+02    8.08091e+02    8.03831e+02    8.00096e+02    7.96396e+02    7.92920e+02    7.89657e+02    7.87771e+02    7.86415e+02    7.88504e+02    7.90349e+02    7.90621e+02    7.91046e+02    7.92459e+02
+105 ||    7.54932e+02    7.56657e+02    7.58635e+02    7.60858e+02    7.64673e+02    7.68637e+02    7.73571e+02    7.78259e+02    7.81329e+02    7.83390e+02    7.78894e+02    7.74376e+02    7.69713e+02    7.65169e+02    7.61388e+02    7.57666e+02    7.54323e+02    7.51166e+02    7.49228e+02    7.47836e+02    7.50006e+02    7.51961e+02    7.52529e+02    7.53247e+02    7.54932e+02
+120 ||    7.24749e+02    7.25926e+02    7.27253e+02    7.28857e+02    7.32264e+02    7.35863e+02    7.40712e+02    7.45240e+02    7.47652e+02    7.49198e+02    7.45129e+02    7.41046e+02    7.36883e+02    7.32801e+02    7.29240e+02    7.25760e+02    7.22802e+02    7.20108e+02    7.19134e+02    7.18627e+02    7.21158e+02    7.23376e+02    7.23574e+02    7.23879e+02    7.24881e+02
+135 ||    7.05018e+02    7.05403e+02    7.06100e+02    7.07113e+02    7.10161e+02    7.13448e+02    7.18281e+02    7.22709e+02    7.24500e+02    7.25557e+02    7.21855e+02    7.18150e+02    7.14425e+02    7.10746e+02    7.07355e+02    7.04067e+02    7.01451e+02    6.99180e+02    6.99151e+02    6.99515e+02    7.02439e+02    7.04950e+02    7.04782e+02    7.04682e+02    7.05018e+02
+150 ||    6.97828e+02    6.98328e+02    6.99473e+02    7.00848e+02    7.03709e+02    7.06910e+02    7.12312e+02    7.17386e+02    7.20323e+02    7.22401e+02    7.18883e+02    7.15368e+02    7.11872e+02    7.08362e+02    7.04751e+02    7.01172e+02    6.97795e+02    6.94877e+02    6.94934e+02    6.95363e+02    6.98217e+02    7.00454e+02    6.98692e+02    6.97231e+02    6.97737e+02
+165 ||    7.06389e+02    7.07202e+02    7.08822e+02    7.10591e+02    7.13330e+02    7.16517e+02    7.22613e+02    7.28451e+02    7.32605e+02    7.35754e+02    7.32341e+02    7.28936e+02    7.25590e+02    7.22170e+02    7.18255e+02    7.14301e+02    7.10084e+02    7.06450e+02    7.06595e+02    7.07099e+02    7.09948e+02    7.11963e+02    7.08560e+02    7.05702e+02    7.06389e+02
+180 ||    7.25820e+02    7.25816e+02    7.27110e+02    7.28585e+02    7.31241e+02    7.34328e+02    7.40214e+02    7.45911e+02    7.50383e+02    7.53881e+02    7.51037e+02    7.48065e+02    7.44261e+02    7.40339e+02    7.35633e+02    7.31031e+02    7.27100e+02    7.23851e+02    7.25037e+02    7.26305e+02    7.28114e+02    7.29385e+02    7.27164e+02    7.25268e+02    7.25469e+02
+195 ||    7.56489e+02    7.56375e+02    7.57363e+02    7.58569e+02    7.61186e+02    7.64223e+02    7.69993e+02    7.75643e+02    7.80505e+02    7.84412e+02    7.82090e+02    7.79501e+02    7.75177e+02    7.70689e+02    7.65114e+02    7.59790e+02    7.56079e+02    7.53163e+02    7.55411e+02    7.57464e+02    7.58264e+02    7.58814e+02    7.57741e+02    7.56773e+02    7.56489e+02
+210 ||    8.02248e+02    8.01685e+02    8.03428e+02    8.05346e+02    8.08400e+02    8.11885e+02    8.18166e+02    8.24493e+02    8.31118e+02    8.36325e+02    8.32298e+02    8.28012e+02    8.22036e+02    8.15885e+02    8.08568e+02    8.01648e+02    7.97285e+02    7.93988e+02    7.97615e+02    8.00923e+02    8.02164e+02    8.03160e+02    8.02555e+02    8.01992e+02    8.01703e+02
+225 ||    8.54273e+02    8.54350e+02    8.56870e+02    8.59524e+02    8.63047e+02    8.67014e+02    8.73864e+02    8.80931e+02    8.89396e+02    8.95962e+02    8.90176e+02    8.84135e+02    8.76440e+02    8.68554e+02    8.59414e+02    8.50821e+02    8.45764e+02    8.42055e+02    8.47111e+02    8.51720e+02    8.53416e+02    8.54869e+02    8.54731e+02    8.54572e+02    8.54273e+02
+240 ||    8.99429e+02    8.98996e+02    9.01019e+02    9.03273e+02    9.07022e+02    9.11234e+02    9.18446e+02    9.25745e+02    9.33602e+02    9.39630e+02    9.33768e+02    9.27598e+02    9.19434e+02    9.11179e+02    9.02329e+02    8.94044e+02    8.89424e+02    8.86176e+02    8.91838e+02    8.96934e+02    8.98343e+02    8.99562e+02    8.99542e+02    8.99472e+02    8.99072e+02
+255 ||    9.21868e+02    9.21639e+02    9.23117e+02    9.24916e+02    9.28800e+02    9.33152e+02    9.40549e+02    9.47902e+02    9.54962e+02    9.60307e+02    9.54511e+02    9.48364e+02    9.39931e+02    9.31512e+02    9.23165e+02    9.15390e+02    9.11321e+02    9.08611e+02    9.14740e+02    9.20199e+02    9.21287e+02    9.22243e+02    9.22341e+02    9.22360e+02    9.21868e+02
+270 ||    9.13378e+02    9.13033e+02    9.14271e+02    9.15837e+02    9.19543e+02    9.23678e+02    9.30605e+02    9.37568e+02    9.44755e+02    9.50191e+02    9.44240e+02    9.37938e+02    9.29350e+02    9.20912e+02    9.13436e+02    9.06487e+02    9.02959e+02    9.00691e+02    9.06611e+02    9.11942e+02    9.13437e+02    9.14700e+02    9.14461e+02    9.14161e+02    9.13469e+02
+285 ||    8.88299e+02    8.87668e+02    8.88645e+02    8.89954e+02    8.93415e+02    8.97259e+02    9.03595e+02    9.10044e+02    9.17224e+02    9.22648e+02    9.16655e+02    9.10317e+02    9.01734e+02    8.93433e+02    8.86955e+02    8.80950e+02    8.78022e+02    8.76231e+02    8.81834e+02    8.86941e+02    8.88809e+02    8.90353e+02    8.89786e+02    8.89177e+02    8.88299e+02
+300 ||    8.60241e+02    8.60187e+02    8.61629e+02    8.63342e+02    8.66818e+02    8.70630e+02    8.76620e+02    8.82801e+02    8.90225e+02    8.95819e+02    8.89515e+02    8.82997e+02    8.75078e+02    8.67353e+02    8.60867e+02    8.54800e+02    8.51450e+02    8.49221e+02    8.54284e+02    8.58988e+02    8.61350e+02    8.63244e+02    8.62089e+02    8.61015e+02    8.60469e+02
+315 ||    8.39244e+02    8.39309e+02    8.41226e+02    8.43357e+02    8.46875e+02    8.50683e+02    8.56372e+02    8.62333e+02    8.70059e+02    8.75866e+02    8.69203e+02    8.62453e+02    8.55140e+02    8.47931e+02    8.41388e+02    8.35212e+02    8.31415e+02    8.28732e+02    8.33294e+02    8.37632e+02    8.40506e+02    8.42763e+02    8.41011e+02    8.39463e+02    8.39244e+02
+330 ||    8.27138e+02    8.27956e+02    8.29201e+02    8.30779e+02    8.34517e+02    8.38500e+02    8.44071e+02    8.50001e+02    8.58262e+02    8.64586e+02    8.58325e+02    8.52051e+02    8.45694e+02    8.39333e+02    8.32929e+02    8.26800e+02    8.22440e+02    8.19068e+02    8.22114e+02    8.25268e+02    8.29113e+02    8.32073e+02    8.29276e+02    8.26915e+02    8.27384e+02
+345 ||    8.18698e+02    8.19781e+02    8.20356e+02    8.21384e+02    8.25357e+02    8.29531e+02    8.35005e+02    8.40928e+02    8.49758e+02    8.56628e+02    8.50746e+02    8.44927e+02    8.39506e+02    8.33972e+02    8.27684e+02    8.21577e+02    8.16636e+02    8.12558e+02    8.14094e+02    8.16069e+02    8.20905e+02    8.24583e+02    8.20725e+02    8.17536e+02    8.18698e+02
+360 ||    8.20185e+02    8.21226e+02    8.22125e+02    8.23350e+02    8.26702e+02    8.30375e+02    8.36137e+02    8.41997e+02    8.48494e+02    8.53479e+02    8.48628e+02    8.43792e+02    8.39058e+02    8.34262e+02    8.29040e+02    8.23931e+02    8.19539e+02    8.15868e+02    8.16874e+02    8.18286e+02    8.22349e+02    8.25427e+02    8.22095e+02    8.19334e+02    8.20283e+02
##########################################################################################
### MCD_v5.3 with climatology average solar scenario.
### Latitude 39.0N. Longitude 193.0E. Altitude -3900.0 m AMR.
### --------------------------------------------------------------------------------------
### Column 1 is Areocentric longitude (degrees)
### Columns 2+ are Density (kg/m3)
### Line 1 is Local time (Martian hour)
### --------------------------------------------------------------------------------------
### Retrieved on: 2022-10-13T18:37:12.902835
### Mars Climate Database (c) LMD/OU/IAA/ESA/CNES
##########################################################################################
---- ||    0.00000e+00    1.00000e+00    2.00000e+00    3.00000e+00    4.00000e+00    5.00000e+00    6.00000e+00    7.00000e+00    8.00000e+00    9.00000e+00    1.00000e+01    1.10000e+01    1.20000e+01    1.30000e+01    1.40000e+01    1.50000e+01    1.60000e+01    1.70000e+01    1.80000e+01    1.90000e+01    2.00000e+01    2.10000e+01    2.20000e+01    2.30000e+01    2.40000e+01
-----------------------------------
+000 ||    2.27652e-02    2.31003e-02    2.33889e-02    2.36776e-02    2.39686e-02    2.42528e-02    2.44918e-02    2.46294e-02    2.41001e-02    2.35042e-02    2.25496e-02    2.16314e-02    2.09787e-02    2.03642e-02    2.00018e-02    1.96758e-02    1.95822e-02    1.95752e-02    2.01213e-02    2.06599e-02    2.12604e-02    2.18193e-02    2.21181e-02    2.24227e-02    2.27652e-02
+015 ||    2.23304e-02    2.26835e-02    2.30079e-02    2.33295e-02    2.36357e-02    2.39327e-02    2.41705e-02    2.42847e-02    2.35874e-02    2.28482e-02    2.19458e-02    2.10842e-02    2.05101e-02    1.99688e-02    1.96404e-02    1.93397e-02    1.92172e-02    1.91808e-02    1.96915e-02    2.01965e-02    2.07947e-02    2.13475e-02    2.16529e-02    2.19724e-02    2.23304e-02
+030 ||    2.24678e-02    2.24789e-02    2.27895e-02    2.30992e-02    2.34056e-02    2.36968e-02    2.38898e-02    2.39587e-02    2.32132e-02    2.24410e-02    2.16261e-02    2.08476e-02    2.03270e-02    1.98359e-02    1.95346e-02    1.92569e-02    1.91309e-02    1.90829e-02    1.95305e-02    1.99835e-02    2.05907e-02    2.11515e-02    2.14778e-02    2.18040e-02    2.21426e-02
+045 ||    2.18941e-02    2.22077e-02    2.25035e-02    2.28004e-02    2.31064e-02    2.33911e-02    2.35388e-02    2.35616e-02    2.27673e-02    2.19641e-02    2.12398e-02    2.05476e-02    2.00829e-02    1.96441e-02    1.93709e-02    1.91169e-02    1.89875e-02    1.89279e-02    1.93106e-02    1.97102e-02    2.03266e-02    2.08952e-02    2.12417e-02    2.15828e-02    2.18941e-02
+060 ||    2.22337e-02    2.17350e-02    2.20247e-02    2.23204e-02    2.26212e-02    2.28994e-02    2.30302e-02    2.30422e-02    2.22764e-02    2.15078e-02    2.08252e-02    2.01742e-02    1.97443e-02    1.93383e-02    1.90842e-02    1.88469e-02    1.87185e-02    1.86502e-02    1.89624e-02    1.92965e-02    1.98727e-02    2.04075e-02    2.07616e-02    2.11104e-02    2.14252e-02
+075 ||    2.05090e-02    2.08154e-02    2.10944e-02    2.13732e-02    2.16625e-02    2.19280e-02    2.20398e-02    2.20369e-02    2.13186e-02    2.06023e-02    1.99761e-02    1.93802e-02    1.89944e-02    1.86299e-02    1.84005e-02    1.81850e-02    1.80601e-02    1.79845e-02    1.82191e-02    1.84805e-02    1.90046e-02    1.94942e-02    1.98479e-02    2.01969e-02    2.05090e-02
+090 ||    2.04953e-02    1.99999e-02    2.02708e-02    2.05413e-02    2.08245e-02    2.10837e-02    2.11884e-02    2.11805e-02    2.04794e-02    1.97802e-02    1.91635e-02    1.85761e-02    1.81921e-02    1.78295e-02    1.76029e-02    1.73904e-02    1.72686e-02    1.71962e-02    1.74366e-02    1.77037e-02    1.82262e-02    1.87114e-02    1.90555e-02    1.93960e-02    1.97009e-02
+105 ||    1.87538e-02    1.90433e-02    1.93042e-02    1.95647e-02    1.98395e-02    2.00906e-02    2.01875e-02    2.01746e-02    1.94957e-02    1.88187e-02    1.82159e-02    1.76411e-02    1.72616e-02    1.69035e-02    1.66815e-02    1.64734e-02    1.63555e-02    1.62870e-02    1.65312e-02    1.68020e-02    1.73195e-02    1.77966e-02    1.81288e-02    1.84583e-02    1.87538e-02
+120 ||    1.85273e-02    1.83646e-02    1.85976e-02    1.88353e-02    1.90962e-02    1.93386e-02    1.94618e-02    1.94791e-02    1.88104e-02    1.81384e-02    1.75346e-02    1.69590e-02    1.65795e-02    1.62213e-02    1.59972e-02    1.57883e-02    1.56782e-02    1.56239e-02    1.59237e-02    1.62402e-02    1.67529e-02    1.72241e-02    1.75334e-02    1.78394e-02    1.81047e-02
+135 ||    1.77096e-02    1.79437e-02    1.81521e-02    1.83706e-02    1.86210e-02    1.88581e-02    1.90104e-02    1.90545e-02    1.83878e-02    1.77126e-02    1.70995e-02    1.65151e-02    1.61305e-02    1.57671e-02    1.55379e-02    1.53254e-02    1.52213e-02    1.51805e-02    1.55395e-02    1.59055e-02    1.64206e-02    1.68926e-02    1.71837e-02    1.74706e-02    1.77096e-02
+150 ||    1.75397e-02    1.80986e-02    1.83269e-02    1.85582e-02    1.88087e-02    1.90515e-02    1.92446e-02    1.93282e-02    1.86903e-02    1.80278e-02    1.73490e-02    1.67017e-02    1.62755e-02    1.58720e-02    1.56121e-02    1.53726e-02    1.52640e-02    1.52310e-02    1.56767e-02    1.61159e-02    1.66331e-02    1.71048e-02    1.73555e-02    1.76071e-02    1.78544e-02
+165 ||    1.84112e-02    1.86772e-02    1.89232e-02    1.91706e-02    1.94270e-02    1.96808e-02    1.99191e-02    2.00437e-02    1.94177e-02    1.87560e-02    1.79960e-02    1.72709e-02    1.67933e-02    1.63402e-02    1.60436e-02    1.57714e-02    1.56558e-02    1.56299e-02    1.61729e-02    1.66963e-02    1.72291e-02    1.77124e-02    1.79267e-02    1.81470e-02    1.84112e-02
+180 ||    1.83007e-02    1.98330e-02    2.00978e-02    2.03628e-02    2.06302e-02    2.08963e-02    2.11547e-02    2.12998e-02    2.06964e-02    2.00420e-02    1.91687e-02    1.83337e-02    1.77723e-02    1.72400e-02    1.68987e-02    1.65936e-02    1.65216e-02    1.65405e-02    1.71377e-02    1.77054e-02    1.82180e-02    1.86947e-02    1.89713e-02    1.92562e-02    1.95464e-02
+195 ||    2.10040e-02    2.13161e-02    2.16040e-02    2.18913e-02    2.21742e-02    2.24569e-02    2.27395e-02    2.29069e-02    2.23148e-02    2.16550e-02    2.06555e-02    1.96972e-02    1.90439e-02    1.84243e-02    1.80323e-02    1.76890e-02    1.76585e-02    1.77217e-02    1.83840e-02    1.90068e-02    1.95106e-02    1.99933e-02    2.03432e-02    2.06881e-02    2.10040e-02
+210 ||    2.10671e-02    2.33104e-02    2.35778e-02    2.38442e-02    2.41039e-02    2.43674e-02    2.46560e-02    2.48615e-02    2.45219e-02    2.40894e-02    2.31036e-02    2.21446e-02    2.13785e-02    2.06498e-02    2.01740e-02    1.97616e-02    1.97580e-02    1.98417e-02    2.04902e-02    2.11074e-02    2.16142e-02    2.20969e-02    2.24332e-02    2.27610e-02    2.30361e-02
+225 ||    2.52953e-02    2.55334e-02    2.57817e-02    2.60285e-02    2.62666e-02    2.65125e-02    2.68095e-02    2.70554e-02    2.69672e-02    2.67574e-02    2.57759e-02    2.48053e-02    2.39198e-02    2.30760e-02    2.25118e-02    2.20263e-02    2.20483e-02    2.21531e-02    2.28042e-02    2.34333e-02    2.39389e-02    2.44196e-02    2.47453e-02    2.50591e-02    2.52953e-02
+240 ||    2.55820e-02    2.70356e-02    2.72325e-02    2.74327e-02    2.76544e-02    2.78853e-02    2.81763e-02    2.84248e-02    2.83959e-02    2.82458e-02    2.73201e-02    2.63994e-02    2.55237e-02    2.46952e-02    2.41754e-02    2.37358e-02    2.38182e-02    2.39770e-02    2.46370e-02    2.52672e-02    2.57193e-02    2.61469e-02    2.64177e-02    2.66761e-02    2.68546e-02
+255 ||    2.77570e-02    2.78762e-02    2.80169e-02    2.81653e-02    2.83653e-02    2.85755e-02    2.88534e-02    2.90984e-02    2.91295e-02    2.90425e-02    2.81948e-02    2.73461e-02    2.65016e-02    2.57075e-02    2.52441e-02    2.48614e-02    2.50035e-02    2.52134e-02    2.58666e-02    2.64836e-02    2.68716e-02    2.72358e-02    2.74446e-02    2.76410e-02    2.77570e-02
+270 ||    2.78246e-02    2.76354e-02    2.77831e-02    2.79377e-02    2.81374e-02    2.83457e-02    2.86099e-02    2.88418e-02    2.88630e-02    2.87623e-02    2.78765e-02    2.69904e-02    2.61117e-02    2.52900e-02    2.48414e-02    2.44742e-02    2.46350e-02    2.48635e-02    2.55369e-02    2.61736e-02    2.65810e-02    2.69629e-02    2.71768e-02    2.73792e-02    2.75059e-02
+285 ||    2.67498e-02    2.68870e-02    2.70390e-02    2.71967e-02    2.73926e-02    2.75950e-02    2.78408e-02    2.80555e-02    2.80667e-02    2.79543e-02    2.70472e-02    2.61405e-02    2.52444e-02    2.44107e-02    2.39851e-02    2.36399e-02    2.38162e-02    2.40590e-02    2.47399e-02    2.53842e-02    2.58031e-02    2.61953e-02    2.64104e-02    2.66148e-02    2.67498e-02
+300 ||    2.66430e-02    2.60087e-02    2.61901e-02    2.63748e-02    2.65816e-02    2.67936e-02    2.70397e-02    2.72486e-02    2.72150e-02    2.70613e-02    2.61377e-02    2.52195e-02    2.43459e-02    2.35291e-02    2.30848e-02    2.27146e-02    2.28276e-02    2.30122e-02    2.36665e-02    2.42927e-02    2.47549e-02    2.51874e-02    2.54254e-02    2.56553e-02    2.58317e-02
+315 ||    2.51120e-02    2.53301e-02    2.55421e-02    2.57552e-02    2.59746e-02    2.61979e-02    2.64460e-02    2.66507e-02    2.65721e-02    2.63759e-02    2.54287e-02    2.44920e-02    2.36341e-02    2.28280e-02    2.23611e-02    2.19634e-02    2.20143e-02    2.21416e-02    2.27750e-02    2.33884e-02    2.38977e-02    2.43737e-02    2.46361e-02    2.48930e-02    2.51120e-02
+330 ||    2.51232e-02    2.45073e-02    2.47406e-02    2.49760e-02    2.52247e-02    2.54729e-02    2.57180e-02    2.59014e-02    2.56799e-02    2.53535e-02    2.43725e-02    2.34144e-02    2.26184e-02    2.18683e-02    2.14347e-02    2.10585e-02    2.10517e-02    2.11267e-02    2.17344e-02    2.23321e-02    2.28945e-02    2.34173e-02    2.36907e-02    2.39646e-02    2.42387e-02
+345 ||    2.34584e-02    2.37789e-02    2.40344e-02    2.42930e-02    2.45718e-02    2.48457e-02    2.50886e-02    2.52509e-02    2.48844e-02    2.44248e-02    2.34057e-02    2.24215e-02    2.16827e-02    2.09877e-02    2.05867e-02    2.02310e-02    2.01646e-02    2.01868e-02    2.07787e-02    2.13614e-02    2.19780e-02    2.25505e-02    2.28360e-02    2.31278e-02    2.34584e-02
+360 ||    2.31660e-02    2.31003e-02    2.33889e-02    2.36776e-02    2.39686e-02    2.42528e-02    2.44918e-02    2.46294e-02    2.41001e-02    2.35042e-02    2.25496e-02    2.16314e-02    2.09787e-02    2.03642e-02    2.00018e-02    1.96758e-02    1.95822e-02    1.95752e-02    2.01213e-02    2.06599e-02    2.12604e-02    2.18193e-02    2.21181e-02    2.24227e-02    2.27652e-02
