##########################################################################################
### MCD_v5.3 with climatology average solar scenario.
### Latitude 36.0N. Longitude 162.0E. Altitude -2300.0 m AMR.
### --------------------------------------------------------------------------------------
### Column 1 is Areocentric longitude (degrees)
### Columns 2+ are Temperature (K)
### Line 1 is Local time (Martian hour)
### --------------------------------------------------------------------------------------
### Retrieved on: 2022-10-13T18:38:34.416227
### Mars Climate Database (c) LMD/OU/IAA/ESA/CNES
##########################################################################################
---- ||    0.00000e+00    1.00000e+00    2.00000e+00    3.00000e+00    4.00000e+00    5.00000e+00    6.00000e+00    7.00000e+00    8.00000e+00    9.00000e+00    1.00000e+01    1.10000e+01    1.20000e+01    1.30000e+01    1.40000e+01    1.50000e+01    1.60000e+01    1.70000e+01    1.80000e+01    1.90000e+01    2.00000e+01    2.10000e+01    2.20000e+01    2.30000e+01    2.40000e+01
-----------------------------------
+000 ||    1.79774e+02    1.77755e+02    1.76026e+02    1.74420e+02    1.73163e+02    1.72528e+02    1.74388e+02    1.78348e+02    1.90565e+02    2.02423e+02    2.13149e+02    2.22824e+02    2.28308e+02    2.32782e+02    2.33296e+02    2.32705e+02    2.27835e+02    2.21555e+02    2.09909e+02    1.99449e+02    1.93793e+02    1.88549e+02    1.85105e+02    1.81988e+02    1.79774e+02
+015 ||    1.82387e+02    1.80125e+02    1.78233e+02    1.76417e+02    1.74954e+02    1.74498e+02    1.77908e+02    1.83388e+02    1.97141e+02    2.10170e+02    2.20752e+02    2.30233e+02    2.35277e+02    2.39467e+02    2.40222e+02    2.39966e+02    2.35785e+02    2.29628e+02    2.16527e+02    2.04798e+02    1.98320e+02    1.92261e+02    1.82430e+02    1.79339e+02    1.82387e+02
+030 ||    1.84819e+02    1.82341e+02    1.80424e+02    1.78544e+02    1.77010e+02    1.76867e+02    1.82278e+02    1.89420e+02    2.03073e+02    2.15939e+02    2.25846e+02    2.34692e+02    2.39235e+02    2.43010e+02    2.43647e+02    2.43354e+02    2.39480e+02    2.33807e+02    2.20980e+02    2.09271e+02    2.01938e+02    1.95202e+02    1.91004e+02    1.81666e+02    1.79343e+02
+045 ||    1.81550e+02    1.79229e+02    1.82607e+02    1.80676e+02    1.79039e+02    1.79222e+02    1.86655e+02    1.95365e+02    2.09019e+02    2.21717e+02    2.30937e+02    2.39126e+02    2.43109e+02    2.46363e+02    2.46755e+02    2.46382e+02    2.43077e+02    2.37964e+02    2.25457e+02    2.13795e+02    2.05637e+02    1.98275e+02    1.94088e+02    1.83993e+02    1.81550e+02
+060 ||    1.82619e+02    1.85762e+02    1.83743e+02    1.81771e+02    1.80198e+02    1.80705e+02    1.89482e+02    1.99133e+02    2.12431e+02    2.24782e+02    2.33690e+02    2.41566e+02    2.45237e+02    2.48202e+02    2.48510e+02    2.48125e+02    2.44994e+02    2.40151e+02    2.28263e+02    2.16916e+02    2.07909e+02    1.99826e+02    1.95428e+02    1.85115e+02    1.82619e+02
+075 ||    1.83687e+02    1.86987e+02    1.84870e+02    1.82863e+02    1.81356e+02    1.82184e+02    1.92278e+02    2.02924e+02    2.15828e+02    2.27833e+02    2.36446e+02    2.44022e+02    2.47367e+02    2.50021e+02    2.50254e+02    2.49864e+02    2.46911e+02    2.42337e+02    2.31068e+02    2.20038e+02    2.10182e+02    2.01444e+02    1.96760e+02    1.86238e+02    1.83687e+02
+090 ||    1.83893e+02    1.87463e+02    1.85197e+02    1.83059e+02    1.81452e+02    1.82255e+02    1.92622e+02    2.03509e+02    2.16581e+02    2.28735e+02    2.37430e+02    2.45068e+02    2.48372e+02    2.51003e+02    2.51272e+02    2.50909e+02    2.47923e+02    2.43295e+02    2.31904e+02    2.20734e+02    2.10672e+02    2.01714e+02    1.97167e+02    1.86472e+02    1.89938e+02
+105 ||    1.90507e+02    1.87946e+02    1.85530e+02    1.83259e+02    1.81549e+02    1.82327e+02    1.92964e+02    2.04089e+02    2.17329e+02    2.29638e+02    2.38418e+02    2.46118e+02    2.49383e+02    2.51992e+02    2.52297e+02    2.51959e+02    2.48938e+02    2.44253e+02    2.32740e+02    2.21428e+02    2.11161e+02    2.02048e+02    1.97554e+02    1.93220e+02    1.90507e+02
+120 ||    1.90708e+02    1.88329e+02    1.85986e+02    1.83738e+02    1.81865e+02    1.82284e+02    1.91804e+02    2.02174e+02    2.16059e+02    2.28992e+02    2.38299e+02    2.46486e+02    2.50073e+02    2.52984e+02    2.53425e+02    2.53115e+02    2.49833e+02    2.44701e+02    2.32020e+02    2.19920e+02    2.10320e+02    2.01767e+02    1.97394e+02    1.93277e+02    1.90787e+02
+135 ||    1.91008e+02    1.88667e+02    1.86429e+02    1.84221e+02    1.82186e+02    1.82247e+02    1.90644e+02    2.00259e+02    2.14797e+02    2.28358e+02    2.38199e+02    2.46862e+02    2.50722e+02    2.53912e+02    2.54514e+02    2.54254e+02    2.50722e+02    2.45142e+02    2.31296e+02    2.18412e+02    2.09479e+02    2.01487e+02    1.97235e+02    1.93320e+02    1.91008e+02
+150 ||    1.89058e+02    1.86562e+02    1.84426e+02    1.82335e+02    1.80459e+02    1.80278e+02    1.86520e+02    1.94577e+02    2.09791e+02    2.24055e+02    2.34788e+02    2.44330e+02    2.49044e+02    2.52992e+02    2.53800e+02    2.53519e+02    2.49176e+02    2.42753e+02    2.28129e+02    2.14850e+02    2.06819e+02    1.99560e+02    1.95224e+02    1.85573e+02    1.89027e+02
+165 ||    1.87070e+02    1.84548e+02    1.82431e+02    1.80448e+02    1.78793e+02    1.78286e+02    1.82390e+02    1.88892e+02    2.04788e+02    2.19752e+02    2.31380e+02    2.41803e+02    2.47338e+02    2.51968e+02    2.52927e+02    2.52685e+02    2.47590e+02    2.40340e+02    2.24999e+02    2.11342e+02    2.04205e+02    1.97588e+02    1.87328e+02    1.84014e+02    1.87070e+02
+180 ||    1.83242e+02    1.80844e+02    1.78906e+02    1.77050e+02    1.75564e+02    1.74835e+02    1.77153e+02    1.82096e+02    1.97284e+02    2.11771e+02    2.23906e+02    2.34869e+02    2.41093e+02    2.46212e+02    2.46938e+02    2.46281e+02    2.40448e+02    2.32841e+02    2.18575e+02    2.05878e+02    1.99311e+02    1.93208e+02    1.83589e+02    1.85607e+02    1.83295e+02
+195 ||    1.79508e+02    1.77205e+02    1.75389e+02    1.73666e+02    1.72345e+02    1.71397e+02    1.71948e+02    1.75326e+02    1.89800e+02    2.03807e+02    2.16438e+02    2.27930e+02    2.34820e+02    2.40399e+02    2.40881e+02    2.39902e+02    2.33329e+02    2.25368e+02    2.12184e+02    2.00442e+02    1.94464e+02    1.88880e+02    1.79849e+02    1.81834e+02    1.79508e+02
+210 ||    1.76883e+02    1.75053e+02    1.73543e+02    1.72108e+02    1.70979e+02    1.70067e+02    1.70028e+02    1.72258e+02    1.83403e+02    1.94578e+02    2.06288e+02    2.17009e+02    2.23871e+02    2.29379e+02    2.29602e+02    2.28429e+02    2.21640e+02    2.14063e+02    2.03611e+02    1.94256e+02    1.89342e+02    1.84768e+02    1.81682e+02    1.78956e+02    1.76992e+02
+225 ||    1.74370e+02    1.72845e+02    1.71679e+02    1.70560e+02    1.69634e+02    1.68765e+02    1.68126e+02    1.69190e+02    1.76994e+02    1.85341e+02    1.96074e+02    2.05962e+02    2.12811e+02    2.18305e+02    2.18346e+02    2.17006e+02    2.09974e+02    2.02746e+02    1.95013e+02    1.88044e+02    1.84195e+02    1.80634e+02    1.78173e+02    1.75981e+02    1.74370e+02
+240 ||    1.73070e+02    1.71815e+02    1.70848e+02    1.69919e+02    1.69142e+02    1.68416e+02    1.67854e+02    1.68621e+02    1.74565e+02    1.81160e+02    1.90636e+02    1.99406e+02    2.05759e+02    2.10863e+02    2.10938e+02    2.09734e+02    2.03289e+02    1.96799e+02    1.90406e+02    1.84628e+02    1.81313e+02    1.78257e+02    1.76232e+02    1.74377e+02    1.73082e+02
+255 ||    1.71765e+02    1.70793e+02    1.70035e+02    1.69291e+02    1.68660e+02    1.68059e+02    1.67592e+02    1.68064e+02    1.72121e+02    1.76969e+02    1.85198e+02    1.92859e+02    1.98714e+02    2.03429e+02    2.03538e+02    2.02471e+02    1.96606e+02    1.90849e+02    1.85790e+02    1.81188e+02    1.78401e+02    1.75859e+02    1.74283e+02    1.72809e+02    1.71765e+02
+270 ||    1.70888e+02    1.69896e+02    1.69123e+02    1.68379e+02    1.67773e+02    1.67192e+02    1.66762e+02    1.67255e+02    1.71345e+02    1.76209e+02    1.84388e+02    1.91983e+02    1.97720e+02    2.02336e+02    2.02448e+02    2.01405e+02    1.95669e+02    1.90020e+02    1.85003e+02    1.80432e+02    1.77634e+02    1.75074e+02    1.73457e+02    1.71945e+02    1.70888e+02
+285 ||    1.70003e+02    1.68999e+02    1.68223e+02    1.67483e+02    1.66888e+02    1.66332e+02    1.65929e+02    1.66449e+02    1.70571e+02    1.75452e+02    1.83577e+02    1.91107e+02    1.96724e+02    2.01242e+02    2.01357e+02    2.00338e+02    1.94731e+02    1.89191e+02    1.84216e+02    1.79676e+02    1.76866e+02    1.74289e+02    1.72631e+02    1.71081e+02    1.70003e+02
+300 ||    1.70836e+02    1.69705e+02    1.68800e+02    1.67938e+02    1.67249e+02    1.66608e+02    1.66132e+02    1.66861e+02    1.72232e+02    1.78212e+02    1.86880e+02    1.94898e+02    2.00665e+02    2.05327e+02    2.05529e+02    2.04542e+02    1.98742e+02    1.92876e+02    1.87029e+02    1.81729e+02    1.78620e+02    1.75753e+02    1.73845e+02    1.72071e+02    1.70851e+02
+315 ||    1.71715e+02    1.70415e+02    1.69381e+02    1.68396e+02    1.67613e+02    1.66882e+02    1.66359e+02    1.67275e+02    1.73854e+02    1.80909e+02    1.90136e+02    1.98655e+02    2.04589e+02    2.09405e+02    2.09696e+02    2.08743e+02    2.02751e+02    1.96560e+02    1.89843e+02    1.83781e+02    1.80371e+02    1.77211e+02    1.75076e+02    1.73077e+02    1.71715e+02
+330 ||    1.74383e+02    1.72815e+02    1.71570e+02    1.70387e+02    1.69458e+02    1.68699e+02    1.68621e+02    1.70302e+02    1.78922e+02    1.87773e+02    1.97801e+02    2.06979e+02    2.12907e+02    2.17719e+02    2.18043e+02    2.17158e+02    2.11388e+02    2.05031e+02    1.96559e+02    1.88945e+02    1.84850e+02    1.81042e+02    1.78421e+02    1.76045e+02    1.74378e+02
+345 ||    1.77039e+02    1.75211e+02    1.73757e+02    1.72377e+02    1.71303e+02    1.70516e+02    1.70882e+02    1.73324e+02    1.83985e+02    1.94631e+02    2.05457e+02    2.15295e+02    2.21233e+02    2.26050e+02    2.26415e+02    2.25595e+02    2.20036e+02    2.13506e+02    2.03267e+02    1.94090e+02    1.89310e+02    1.84855e+02    1.81782e+02    1.78963e+02    1.77039e+02
+360 ||    1.79862e+02    1.77755e+02    1.76026e+02    1.74420e+02    1.73163e+02    1.72528e+02    1.74388e+02    1.78348e+02    1.90565e+02    2.02423e+02    2.13149e+02    2.22824e+02    2.28308e+02    2.32782e+02    2.33296e+02    2.32705e+02    2.27835e+02    2.21555e+02    2.09909e+02    1.99449e+02    1.93793e+02    1.88549e+02    1.85105e+02    1.81988e+02    1.79774e+02
##########################################################################################
### MCD_v5.3 with climatology average solar scenario.
### Latitude 36.0N. Longitude 162.0E. Altitude -2300.0 m AMR.
### --------------------------------------------------------------------------------------
### Column 1 is Areocentric longitude (degrees)
### Columns 2+ are Pressure (Pa)
### Line 1 is Local time (Martian hour)
### --------------------------------------------------------------------------------------
### Retrieved on: 2022-10-13T18:38:34.417877
### Mars Climate Database (c) LMD/OU/IAA/ESA/CNES
##########################################################################################
---- ||    0.00000e+00    1.00000e+00    2.00000e+00    3.00000e+00    4.00000e+00    5.00000e+00    6.00000e+00    7.00000e+00    8.00000e+00    9.00000e+00    1.00000e+01    1.10000e+01    1.20000e+01    1.30000e+01    1.40000e+01    1.50000e+01    1.60000e+01    1.70000e+01    1.80000e+01    1.90000e+01    2.00000e+01    2.10000e+01    2.20000e+01    2.30000e+01    2.40000e+01
-----------------------------------
+000 ||    7.11374e+02    7.12188e+02    7.10690e+02    7.09484e+02    7.09452e+02    7.09878e+02    7.12137e+02    7.14845e+02    7.19355e+02    7.22100e+02    7.17759e+02    7.13759e+02    7.11180e+02    7.08418e+02    7.05105e+02    7.01997e+02    6.99794e+02    6.98533e+02    7.01033e+02    7.04193e+02    7.10030e+02    7.14188e+02    7.11695e+02    7.09976e+02    7.11374e+02
+015 ||    7.24047e+02    7.25237e+02    7.24269e+02    7.23408e+02    7.22984e+02    7.23202e+02    7.25991e+02    7.28510e+02    7.29954e+02    7.30444e+02    7.27110e+02    7.23978e+02    7.21698e+02    7.19261e+02    7.16338e+02    7.13625e+02    7.11820e+02    7.10749e+02    7.12615e+02    7.15105e+02    7.20109e+02    7.23889e+02    7.22823e+02    7.22312e+02    7.24047e+02
+030 ||    7.35467e+02    7.36837e+02    7.36620e+02    7.36523e+02    7.36914e+02    7.37747e+02    7.40352e+02    7.42502e+02    7.42836e+02    7.42481e+02    7.39366e+02    7.36430e+02    7.34228e+02    7.31836e+02    7.28803e+02    7.26040e+02    7.24415e+02    7.23411e+02    7.24891e+02    7.26904e+02    7.31057e+02    7.34269e+02    7.33756e+02    7.33696e+02    7.35467e+02
+045 ||    7.44810e+02    7.46355e+02    7.46896e+02    7.47569e+02    7.48782e+02    7.50232e+02    7.52642e+02    7.54411e+02    7.53621e+02    7.52416e+02    7.49541e+02    7.46817e+02    7.44707e+02    7.42373e+02    7.39239e+02    7.36435e+02    7.34998e+02    7.34064e+02    7.35147e+02    7.36667e+02    7.39945e+02    7.42571e+02    7.42617e+02    7.43010e+02    7.44810e+02
+060 ||    7.42311e+02    7.43388e+02    7.43828e+02    7.44582e+02    7.46597e+02    7.48625e+02    7.50711e+02    7.52146e+02    7.50976e+02    7.49337e+02    7.45818e+02    7.42584e+02    7.40505e+02    7.38186e+02    7.34987e+02    7.32162e+02    7.30873e+02    7.30113e+02    7.31476e+02    7.33298e+02    7.36963e+02    7.39983e+02    7.40453e+02    7.41073e+02    7.42312e+02
+075 ||    7.24442e+02    7.25020e+02    7.25348e+02    7.26166e+02    7.28950e+02    7.31519e+02    7.33234e+02    7.34300e+02    7.32771e+02    7.30729e+02    7.26632e+02    7.22953e+02    7.20953e+02    7.18701e+02    7.15505e+02    7.12718e+02    7.11606e+02    7.11038e+02    7.12654e+02    7.14741e+02    7.18719e+02    7.22074e+02    7.22963e+02    7.23799e+02    7.24442e+02
+090 ||    6.97612e+02    6.98178e+02    6.98397e+02    6.99083e+02    7.01646e+02    7.04003e+02    7.05542e+02    7.06440e+02    7.04776e+02    7.02591e+02    6.98322e+02    6.94505e+02    6.92510e+02    6.90261e+02    6.87060e+02    6.84286e+02    6.83253e+02    6.82794e+02    6.84638e+02    6.86960e+02    6.91195e+02    6.94804e+02    6.95930e+02    6.96958e+02    6.97613e+02
+105 ||    6.65850e+02    6.66399e+02    6.66508e+02    6.67058e+02    6.69381e+02    6.71510e+02    6.72863e+02    6.73588e+02    6.71801e+02    6.69489e+02    6.65076e+02    6.61146e+02    6.59169e+02    6.56938e+02    6.53756e+02    6.51014e+02    6.50068e+02    6.49722e+02    6.51781e+02    6.54321e+02    6.58784e+02    6.62620e+02    6.63975e+02    6.65188e+02    6.65850e+02
+120 ||    6.37418e+02    6.38053e+02    6.37850e+02    6.37971e+02    6.39393e+02    6.40797e+02    6.42137e+02    6.42919e+02    6.41469e+02    6.39610e+02    6.36104e+02    6.32941e+02    6.31171e+02    6.29224e+02    6.26641e+02    6.24440e+02    6.23804e+02    6.23651e+02    6.25434e+02    6.27636e+02    6.31516e+02    6.34794e+02    6.35689e+02    6.36571e+02    6.37418e+02
+135 ||    6.17960e+02    6.18689e+02    6.18176e+02    6.17873e+02    6.18421e+02    6.19127e+02    6.20474e+02    6.21323e+02    6.20187e+02    6.18749e+02    6.16092e+02    6.13643e+02    6.12049e+02    6.10354e+02    6.08329e+02    6.06634e+02    6.06297e+02    6.06334e+02    6.07869e+02    6.09768e+02    6.13126e+02    6.15897e+02    6.16349e+02    6.16915e+02    6.17960e+02
+150 ||    6.12236e+02    6.13113e+02    6.12242e+02    6.11555e+02    6.11611e+02    6.12063e+02    6.14103e+02    6.15718e+02    6.15634e+02    6.15009e+02    6.12218e+02    6.09583e+02    6.07600e+02    6.05487e+02    6.02963e+02    6.00706e+02    5.99566e+02    5.99048e+02    6.01021e+02    6.03429e+02    6.07593e+02    6.10889e+02    6.10761e+02    6.10918e+02    6.12236e+02
+165 ||    6.20479e+02    6.21523e+02    6.20272e+02    6.19183e+02    6.18748e+02    6.18955e+02    6.21737e+02    6.24156e+02    6.25126e+02    6.25306e+02    6.22318e+02    6.19439e+02    6.17026e+02    6.14448e+02    6.11367e+02    6.08495e+02    6.06523e+02    6.05437e+02    6.07892e+02    6.10864e+02    6.15928e+02    6.19824e+02    6.19110e+02    6.18857e+02    6.20479e+02
+180 ||    6.34250e+02    6.34476e+02    6.33207e+02    6.32128e+02    6.31814e+02    6.32072e+02    6.34618e+02    6.37125e+02    6.39478e+02    6.40765e+02    6.37781e+02    6.34782e+02    6.31747e+02    6.28689e+02    6.25723e+02    6.22980e+02    6.21198e+02    6.20393e+02    6.23492e+02    6.26823e+02    6.31119e+02    6.34442e+02    6.33935e+02    6.33645e+02    6.34249e+02
+195 ||    6.58293e+02    6.57708e+02    6.56405e+02    6.55323e+02    6.55129e+02    6.55445e+02    6.57798e+02    6.60435e+02    6.64208e+02    6.66622e+02    6.63592e+02    6.60426e+02    6.56736e+02    6.53159e+02    6.50264e+02    6.47606e+02    6.45977e+02    6.45431e+02    6.49212e+02    6.52944e+02    6.56538e+02    6.59337e+02    6.59027e+02    6.58693e+02    6.58293e+02
+210 ||    6.92225e+02    6.91149e+02    6.89824e+02    6.88766e+02    6.88773e+02    6.89391e+02    6.92458e+02    6.96106e+02    7.02087e+02    7.06150e+02    7.02526e+02    6.98728e+02    6.94244e+02    6.89740e+02    6.85408e+02    6.81400e+02    6.78774e+02    6.77691e+02    6.82762e+02    6.87568e+02    6.91385e+02    6.94325e+02    6.93834e+02    6.93234e+02    6.92224e+02
+225 ||    7.31978e+02    7.30426e+02    7.29097e+02    7.28079e+02    7.28306e+02    7.29249e+02    7.33056e+02    7.37746e+02    7.45970e+02    7.51698e+02    7.47431e+02    7.42956e+02    7.37644e+02    7.32175e+02    7.26361e+02    7.20956e+02    7.17282e+02    7.15625e+02    7.22019e+02    7.27929e+02    7.31999e+02    7.35105e+02    7.34442e+02    7.33586e+02    7.31978e+02
+240 ||    7.64999e+02    7.63384e+02    7.62280e+02    7.61586e+02    7.62531e+02    7.64191e+02    7.68717e+02    7.73818e+02    7.81228e+02    7.86239e+02    7.81643e+02    7.76767e+02    7.70765e+02    7.64582e+02    7.57976e+02    7.51954e+02    7.48379e+02    7.47016e+02    7.54476e+02    7.61122e+02    7.64636e+02    7.67393e+02    7.67226e+02    7.66740e+02    7.64998e+02
+255 ||    7.79079e+02    7.77453e+02    7.76605e+02    7.76255e+02    7.77889e+02    7.80222e+02    7.85351e+02    7.90738e+02    7.97158e+02    8.01334e+02    7.96521e+02    7.91365e+02    7.84826e+02    7.78087e+02    7.70860e+02    7.64375e+02    7.60981e+02    7.59935e+02    7.68256e+02    7.75454e+02    7.78319e+02    7.80656e+02    7.80996e+02    7.80900e+02    7.79079e+02
+270 ||    7.70072e+02    7.68500e+02    7.67785e+02    7.67536e+02    7.69153e+02    7.71404e+02    7.76196e+02    7.81289e+02    7.87588e+02    7.91600e+02    7.86452e+02    7.81153e+02    7.75241e+02    7.69190e+02    7.62869e+02    7.57235e+02    7.54467e+02    7.53820e+02    7.61633e+02    7.68374e+02    7.70971e+02    7.72949e+02    7.72544e+02    7.71859e+02    7.70072e+02
+285 ||    7.46955e+02    7.45464e+02    7.44894e+02    7.44751e+02    7.46319e+02    7.48449e+02    7.52820e+02    7.57529e+02    7.63594e+02    7.67370e+02    7.61988e+02    7.56646e+02    7.51462e+02    7.46200e+02    7.40889e+02    7.36199e+02    7.34099e+02    7.33857e+02    7.41024e+02    7.47190e+02    7.49476e+02    7.51061e+02    7.49928e+02    7.48675e+02    7.46955e+02
+300 ||    7.26451e+02    7.25175e+02    7.24421e+02    7.24081e+02    7.25396e+02    7.27221e+02    7.31084e+02    7.35541e+02    7.42382e+02    7.46800e+02    7.41525e+02    7.36391e+02    7.31833e+02    7.27120e+02    7.22055e+02    7.17504e+02    7.15115e+02    7.14464e+02    7.20739e+02    7.26375e+02    7.29566e+02    7.31706e+02    7.29725e+02    7.27858e+02    7.26451e+02
+315 ||    7.11475e+02    7.10407e+02    7.09466e+02    7.08928e+02    7.10002e+02    7.11537e+02    7.14922e+02    7.19161e+02    7.26830e+02    7.31923e+02    7.26704e+02    7.21728e+02    7.17758e+02    7.13556e+02    7.08696e+02    7.04248e+02    7.01551e+02    7.00483e+02    7.05914e+02    7.11062e+02    7.15189e+02    7.17903e+02    7.15066e+02    7.12574e+02    7.11475e+02
+330 ||    7.07524e+02    7.07203e+02    7.05711e+02    7.04660e+02    7.05379e+02    7.06466e+02    7.09031e+02    7.12611e+02    7.20265e+02    7.25334e+02    7.20047e+02    7.15119e+02    7.11687e+02    7.08032e+02    7.03734e+02    6.99745e+02    6.97088e+02    6.95825e+02    7.00123e+02    7.04628e+02    7.10044e+02    7.13679e+02    7.10279e+02    7.07550e+02    7.07524e+02
+345 ||    7.06152e+02    7.06598e+02    7.04554e+02    7.02992e+02    7.03361e+02    7.04005e+02    7.05752e+02    7.08680e+02    7.16336e+02    7.21388e+02    7.15996e+02    7.11087e+02    7.08192e+02    7.05081e+02    7.01338e+02    6.97799e+02    6.95162e+02    6.93686e+02    6.96841e+02    7.00699e+02    7.07431e+02    7.12005e+02    7.08040e+02    7.05078e+02    7.06152e+02
+360 ||    7.11374e+02    7.12188e+02    7.10690e+02    7.09484e+02    7.09452e+02    7.09878e+02    7.12137e+02    7.14845e+02    7.19355e+02    7.22100e+02    7.17759e+02    7.13759e+02    7.11180e+02    7.08418e+02    7.05105e+02    7.01997e+02    6.99794e+02    6.98533e+02    7.01033e+02    7.04193e+02    7.10030e+02    7.14188e+02    7.11695e+02    7.09976e+02    7.11374e+02
##########################################################################################
### MCD_v5.3 with climatology average solar scenario.
### Latitude 36.0N. Longitude 162.0E. Altitude -2300.0 m AMR.
### --------------------------------------------------------------------------------------
### Column 1 is Areocentric longitude (degrees)
### Columns 2+ are Density (kg/m3)
### Line 1 is Local time (Martian hour)
### --------------------------------------------------------------------------------------
### Retrieved on: 2022-10-13T18:38:34.419479
### Mars Climate Database (c) LMD/OU/IAA/ESA/CNES
##########################################################################################
---- ||    0.00000e+00    1.00000e+00    2.00000e+00    3.00000e+00    4.00000e+00    5.00000e+00    6.00000e+00    7.00000e+00    8.00000e+00    9.00000e+00    1.00000e+01    1.10000e+01    1.20000e+01    1.30000e+01    1.40000e+01    1.50000e+01    1.60000e+01    1.70000e+01    1.80000e+01    1.90000e+01    2.00000e+01    2.10000e+01    2.20000e+01    2.30000e+01    2.40000e+01
-----------------------------------
+000 ||    2.05538e-02    2.08306e-02    2.10002e-02    2.11680e-02    2.13292e-02    2.14490e-02    2.14039e-02    2.12057e-02    2.03947e-02    1.95613e-02    1.86383e-02    1.77962e-02    1.72839e-02    1.68193e-02    1.65542e-02    1.63476e-02    1.63781e-02    1.65778e-02    1.74527e-02    1.82933e-02    1.90007e-02    1.96282e-02    1.99400e-02    2.02497e-02    2.05538e-02
+015 ||    2.05678e-02    2.08835e-02    2.10985e-02    2.13051e-02    2.14787e-02    2.15869e-02    2.14341e-02    2.11059e-02    2.00759e-02    1.90791e-02    1.82150e-02    1.74353e-02    1.69984e-02    1.65971e-02    1.63451e-02    1.61389e-02    1.61188e-02    1.62835e-02    1.71866e-02    1.80579e-02    1.88046e-02    1.94770e-02    1.98558e-02    2.02266e-02    2.05678e-02
+030 ||    2.07214e-02    2.09478e-02    2.11890e-02    2.14233e-02    2.16311e-02    2.17273e-02    2.13779e-02    2.08897e-02    1.98458e-02    1.88538e-02    1.80688e-02    1.73636e-02    1.69805e-02    1.66254e-02    1.63873e-02    1.61898e-02    1.61566e-02    1.62988e-02    1.71424e-02    1.79731e-02    1.87546e-02    1.94599e-02    1.98635e-02    2.02573e-02    2.06142e-02
+045 ||    2.05992e-02    2.09497e-02    2.12166e-02    2.14782e-02    2.17198e-02    2.18034e-02    2.12559e-02    2.06071e-02    1.95525e-02    1.85685e-02    1.78663e-02    1.72388e-02    1.69117e-02    1.66046e-02    1.63813e-02    1.61931e-02    1.61468e-02    1.62660e-02    1.70466e-02    1.78337e-02    1.86481e-02    1.93844e-02    1.98117e-02    2.02275e-02    2.05992e-02
+060 ||    2.09527e-02    2.07312e-02    2.09961e-02    2.12591e-02    2.15151e-02    2.15858e-02    2.09156e-02    2.01789e-02    1.91756e-02    1.82377e-02    1.75615e-02    1.69607e-02    1.66627e-02    1.63806e-02    1.61653e-02    1.59837e-02    1.59382e-02    1.60454e-02    1.67630e-02    1.75102e-02    1.83760e-02    1.91579e-02    1.96070e-02    2.00372e-02    2.03934e-02
+075 ||    1.97635e-02    2.00814e-02    2.03389e-02    2.05977e-02    2.08630e-02    2.09190e-02    2.01382e-02    1.93276e-02    1.83970e-02    1.75254e-02    1.68897e-02    1.63285e-02    1.60662e-02    1.58154e-02    1.56128e-02    1.54417e-02    1.53979e-02    1.54907e-02    1.61296e-02    1.68207e-02    1.77207e-02    1.85325e-02    1.89944e-02    1.94303e-02    1.97635e-02
+090 ||    1.98056e-02    1.92802e-02    1.95421e-02    1.98045e-02    2.00697e-02    2.01269e-02    1.93525e-02    1.85506e-02    1.76384e-02    1.67846e-02    1.61640e-02    1.56172e-02    1.53678e-02    1.51279e-02    1.49284e-02    1.47611e-02    1.47232e-02    1.48173e-02    1.54392e-02    1.61145e-02    1.70040e-02    1.78041e-02    1.82493e-02    1.86675e-02    1.89789e-02
+105 ||    1.80601e-02    1.83428e-02    1.86073e-02    1.88714e-02    1.91346e-02    1.91926e-02    1.84300e-02    1.76427e-02    1.67554e-02    1.59254e-02    1.53241e-02    1.47958e-02    1.45609e-02    1.43336e-02    1.41387e-02    1.39762e-02    1.39445e-02    1.40392e-02    1.46398e-02    1.52946e-02    1.61671e-02    1.69497e-02    1.73752e-02    1.77727e-02    1.80601e-02
+120 ||    1.78765e-02    1.75281e-02    1.77608e-02    1.79953e-02    1.82381e-02    1.83042e-02    1.76635e-02    1.69727e-02    1.60811e-02    1.52490e-02    1.46550e-02    1.41326e-02    1.38985e-02    1.36737e-02    1.34882e-02    1.33354e-02    1.33141e-02    1.34268e-02    1.40749e-02    1.47524e-02    1.55484e-02    1.62626e-02    1.66522e-02    1.70154e-02    1.72745e-02
+135 ||    1.67322e-02    1.69605e-02    1.71647e-02    1.73732e-02    1.75991e-02    1.76741e-02    1.71457e-02    1.65414e-02    1.56330e-02    1.47873e-02    1.41923e-02    1.36684e-02    1.34319e-02    1.32064e-02    1.30277e-02    1.28822e-02    1.28711e-02    1.30032e-02    1.37076e-02    1.44170e-02    1.51479e-02    1.58039e-02    1.61634e-02    1.64976e-02    1.67322e-02
+150 ||    1.65569e-02    1.70128e-02    1.72023e-02    1.73915e-02    1.75807e-02    1.76625e-02    1.73152e-02    1.68476e-02    1.58982e-02    1.50042e-02    1.43322e-02    1.37330e-02    1.34283e-02    1.31438e-02    1.29442e-02    1.27842e-02    1.27841e-02    1.29420e-02    1.37315e-02    1.45020e-02    1.51982e-02    1.58233e-02    1.61671e-02    1.64951e-02    1.67618e-02
+165 ||    1.71741e-02    1.74535e-02    1.76324e-02    1.78068e-02    1.79635e-02    1.80540e-02    1.78802e-02    1.75387e-02    1.65267e-02    1.55640e-02    1.47997e-02    1.41115e-02    1.37316e-02    1.33814e-02    1.31564e-02    1.29781e-02    1.29890e-02    1.31765e-02    1.40694e-02    1.49185e-02    1.55958e-02    1.62040e-02    1.65399e-02    1.68692e-02    1.71741e-02
+180 ||    1.70017e-02    1.82139e-02    1.83902e-02    1.85615e-02    1.87131e-02    1.88245e-02    1.87751e-02    1.85402e-02    1.75632e-02    1.66112e-02    1.57605e-02    1.49824e-02    1.44985e-02    1.40633e-02    1.38312e-02    1.36582e-02    1.37241e-02    1.39619e-02    1.48868e-02    1.57562e-02    1.64075e-02    1.69968e-02    1.73430e-02    1.76755e-02    1.79551e-02
+195 ||    1.90255e-02    1.92678e-02    1.94446e-02    1.96157e-02    1.97649e-02    1.98989e-02    1.99727e-02    1.98403e-02    1.88824e-02    1.79258e-02    1.69750e-02    1.60946e-02    1.54996e-02    1.49728e-02    1.47301e-02    1.45596e-02    1.46811e-02    1.49728e-02    1.59444e-02    1.68478e-02    1.74835e-02    1.80634e-02    1.84255e-02    1.87664e-02    1.90255e-02
+210 ||    1.89883e-02    2.05670e-02    2.07103e-02    2.08524e-02    2.09906e-02    2.11291e-02    2.12691e-02    2.12492e-02    2.05901e-02    1.98702e-02    1.89071e-02    1.79962e-02    1.72979e-02    1.66769e-02    1.63784e-02    1.61717e-02    1.63349e-02    1.66488e-02    1.75643e-02    1.84138e-02    1.90056e-02    1.95421e-02    1.98623e-02    2.01600e-02    2.03703e-02
+225 ||    2.18880e-02    2.20412e-02    2.21529e-02    2.22681e-02    2.23969e-02    2.25415e-02    2.27490e-02    2.28420e-02    2.24768e-02    2.19880e-02    2.10039e-02    2.00546e-02    1.92470e-02    1.85264e-02    1.81694e-02    1.79243e-02    1.81300e-02    1.84679e-02    1.93339e-02    2.01359e-02    2.06884e-02    2.11856e-02    2.14668e-02    2.17242e-02    2.18880e-02
+240 ||    2.20706e-02    2.32266e-02    2.33229e-02    2.34267e-02    2.35614e-02    2.37130e-02    2.39326e-02    2.40567e-02    2.37993e-02    2.34069e-02    2.24740e-02    2.15612e-02    2.07311e-02    1.99843e-02    1.95870e-02    1.93141e-02    1.95425e-02    1.98953e-02    2.07453e-02    2.15261e-02    2.20371e-02    2.24958e-02    2.27506e-02    2.29795e-02    2.31062e-02
+255 ||    2.37505e-02    2.38359e-02    2.39146e-02    2.40050e-02    2.41421e-02    2.42970e-02    2.45232e-02    2.46753e-02    2.45310e-02    2.42438e-02    2.33844e-02    2.25302e-02    2.16980e-02    2.09434e-02    2.05161e-02    2.02223e-02    2.04674e-02    2.08261e-02    2.16391e-02    2.23791e-02    2.28362e-02    2.32452e-02    2.34680e-02    2.36635e-02    2.37505e-02
+270 ||    2.38106e-02    2.36805e-02    2.37635e-02    2.38569e-02    2.39919e-02    2.41423e-02    2.43547e-02    2.44943e-02    2.43430e-02    2.40507e-02    2.31939e-02    2.23487e-02    2.15516e-02    2.08306e-02    2.04294e-02    2.01562e-02    2.03991e-02    2.07519e-02    2.15434e-02    2.22649e-02    2.27147e-02    2.31146e-02    2.33205e-02    2.35028e-02    2.35923e-02
+285 ||    2.30002e-02    2.30895e-02    2.31753e-02    2.32700e-02    2.34003e-02    2.35435e-02    2.37383e-02    2.38630e-02    2.37076e-02    2.34158e-02    2.25773e-02    2.17568e-02    2.10090e-02    2.03343e-02    1.99663e-02    1.97184e-02    1.99547e-02    2.02951e-02    2.10507e-02    2.17407e-02    2.21750e-02    2.25586e-02    2.27439e-02    2.29100e-02    2.30002e-02
+300 ||    2.29374e-02    2.23481e-02    2.24427e-02    2.25449e-02    2.26780e-02    2.28221e-02    2.30105e-02    2.31169e-02    2.28955e-02    2.25458e-02    2.16820e-02    2.08468e-02    2.01286e-02    1.94803e-02    1.91262e-02    1.88839e-02    1.90927e-02    1.94127e-02    2.01766e-02    2.08811e-02    2.13555e-02    2.17705e-02    2.19533e-02    2.21223e-02    2.22373e-02
+315 ||    2.16433e-02    2.17767e-02    2.18807e-02    2.19913e-02    2.21283e-02    2.22746e-02    2.24582e-02    2.25470e-02    2.22577e-02    2.18473e-02    2.09510e-02    2.00943e-02    1.94001e-02    1.87732e-02    1.84303e-02    1.81916e-02    1.83744e-02    1.86764e-02    1.94544e-02    2.01791e-02    2.06973e-02    2.11472e-02    2.13290e-02    2.15024e-02    2.16433e-02
+330 ||    2.17191e-02    2.13503e-02    2.14647e-02    2.15849e-02    2.17282e-02    2.18675e-02    2.19909e-02    2.20012e-02    2.15590e-02    2.10172e-02    2.00754e-02    1.91922e-02    1.85492e-02    1.79699e-02    1.76582e-02    1.74346e-02    1.75670e-02    1.78363e-02    1.86516e-02    1.94215e-02    2.00168e-02    2.05347e-02    2.07483e-02    2.09598e-02    2.11641e-02
+345 ||    2.07582e-02    2.09989e-02    2.11247e-02    2.12552e-02    2.14058e-02    2.15388e-02    2.16019e-02    2.15327e-02    2.09342e-02    2.02571e-02    1.92652e-02    1.83515e-02    1.77581e-02    1.72249e-02    1.69438e-02    1.67345e-02    1.68163e-02    1.70530e-02    1.79084e-02    1.87266e-02    1.94015e-02    1.99899e-02    2.02371e-02    2.04884e-02    2.07582e-02
+360 ||    2.05561e-02    2.08306e-02    2.10002e-02    2.11680e-02    2.13292e-02    2.14490e-02    2.14039e-02    2.12057e-02    2.03947e-02    1.95613e-02    1.86383e-02    1.77962e-02    1.72839e-02    1.68193e-02    1.65542e-02    1.63476e-02    1.63781e-02    1.65778e-02    1.74527e-02    1.82933e-02    1.90007e-02    1.96282e-02    1.99400e-02    2.02497e-02    2.05538e-02
